0.0000 0.0000 0.0000
0.0000 0.0000 0.0000
0.0000 0.0000 0.0000
0.0000 0.0000 0.0000
0.0000 0.0000 0.0000
0.0000 0.0000 0.0000
0.0000 0.0000 0.0000
0.0000 0.0000 0.0000
-0.0984 -0.5960 -0.7700
-0.0951 -0.5986 -0.7552
-0.0993 -0.5966 -0.7550
-0.0953 -0.6078 -0.7254
-0.0876 -0.6137 -0.7418
-0.0818 -0.6391 -0.7452
-0.0818 -0.6391 -0.7452
-0.0818 -0.6391 -0.7452
-0.0570 -0.6469 -0.7221
-0.0872 -0.6720 -0.6930
-0.0540 -0.6740 -0.6844
-0.0291 -0.6756 -0.6945
-0.0281 -0.6892 -0.7028
-0.0290 -0.7020 -0.6896
-0.0280 -0.7140 -0.6715
-0.0280 -0.7140 -0.6715
-0.0497 -0.7130 -0.6405
-0.0620 -0.7098 -0.6488
-0.0335 -0.7108 -0.7103
-0.0215 -0.6985 -0.7151
-0.0238 -0.6935 -0.7070
-0.0238 -0.6935 -0.7070
-0.0278 -0.6917 -0.6875
0.0024 -0.6572 -0.6491
-0.0063 -0.6331 -0.6553
-0.1632 -0.6495 -0.5716
-0.2132 -0.7358 -0.6417
-0.2326 -0.7905 -0.7589
-0.3349 -0.7780 -0.7429
-0.3303 -0.7872 -0.7166
-0.3205 -0.7864 -0.6693
-0.2979 -0.7716 -0.6329
-0.2979 -0.7716 -0.6329
-0.2698 -0.7582 -0.6338
-0.2520 -0.7184 -0.6393
-0.2752 -0.7128 -0.6505
-0.2401 -0.7284 -0.7108
-0.2214 -0.7187 -0.7146
-0.2214 -0.7187 -0.7146
-0.2272 -0.7108 -0.6809
-0.2451 -0.7027 -0.6279
-0.2920 -0.7138 -0.6042
-0.3125 -0.7193 -0.5957
-0.3125 -0.7193 -0.5957
-0.3023 -0.7437 -0.5808
-0.3023 -0.7437 -0.5808
-0.2737 -0.7352 -0.5869
-0.2737 -0.7352 -0.5869
-0.3240 -0.7197 -0.5980
-0.2667 -0.7376 -0.6704
-0.2913 -0.7497 -0.6593
-0.3096 -0.7794 -0.6157
-0.2939 -0.7432 -0.6165
-0.2939 -0.7432 -0.6165
-0.2859 -0.7253 -0.6373
-0.3213 -0.7332 -0.6694
-0.3314 -0.7308 -0.7139
-0.2845 -0.7252 -0.7057
-0.2146 -0.6968 -0.6731
-0.2146 -0.6968 -0.6731
-0.1408 -0.6433 -0.6799
-0.0734 -0.6256 -0.6929
0.0137 -0.6049 -0.7459
0.0680 -0.6025 -0.7897
0.0148 -0.5768 -0.7821
0.0148 -0.5768 -0.7821
0.0161 -0.6095 -0.6934
-0.0171 -0.6613 -0.7091
-0.0353 -0.6572 -0.7037
-0.0575 -0.6760 -0.7002
-0.0582 -0.6897 -0.7137
-0.0582 -0.6897 -0.7137
-0.0547 -0.6794 -0.7043
-0.0516 -0.6985 -0.7351
-0.0300 -0.6961 -0.7430
0.0027 -0.6732 -0.7585
0.0289 -0.6624 -0.7681
0.0289 -0.6624 -0.7681
0.0123 -0.6430 -0.7181
0.0031 -0.6660 -0.7538
0.0028 -0.6689 -0.7466
-0.0024 -0.6627 -0.7302
-0.0024 -0.6627 -0.7302
0.0077 -0.6619 -0.7138
0.0022 -0.6462 -0.7001
-0.0013 -0.6585 -0.6585
-0.0136 -0.6588 -0.6507
-0.0158 -0.6715 -0.6489
-0.0158 -0.6715 -0.6489
-0.0304 -0.6691 -0.7042
-0.0394 -0.6676 -0.7194
-0.0341 -0.6811 -0.7341
-0.0074 -0.7044 -0.7056
0.0155 -0.7160 -0.6850
0.0155 -0.7160 -0.6850
0.0150 -0.7195 -0.6838
0.0232 -0.7083 -0.6744
0.0408 -0.7119 -0.6745
0.0422 -0.7150 -0.6828
0.0163 -0.7150 -0.6734
-0.0054 -0.7104 -0.6790
0.0024 -0.7157 -0.7089
0.0095 -0.7009 -0.7028
0.0093 -0.7027 -0.6761
0.0093 -0.7027 -0.6761
0.0004 -0.6987 -0.6815
-0.0167 -0.6975 -0.6865
-0.0216 -0.7075 -0.6290
-0.0274 -0.7172 -0.6299
-0.0233 -0.7223 -0.6513
-0.0233 -0.7223 -0.6513
-0.0266 -0.7266 -0.6650
-0.0159 -0.7405 -0.6471
-0.0070 -0.7317 -0.6792
-0.0005 -0.7247 -0.6897
0.0079 -0.7324 -0.6896
0.0079 -0.7324 -0.6896
0.0040 -0.7296 -0.6807
0.0034 -0.7364 -0.6947
0.0070 -0.7304 -0.7052
-0.0034 -0.7264 -0.6896
-0.0049 -0.7261 -0.6857
-0.0049 -0.7261 -0.6857
-0.0070 -0.7163 -0.6725
-0.0058 -0.7150 -0.6791
-0.0097 -0.7099 -0.6798
-0.0243 -0.7153 -0.6816
-0.0307 -0.7214 -0.6677
-0.0307 -0.7214 -0.6677
-0.0314 -0.7211 -0.6680
-0.0412 -0.7184 -0.6727
-0.0493 -0.7186 -0.6880
-0.0316 -0.7278 -0.6959
-0.0316 -0.7278 -0.6959
-0.0462 -0.7231 -0.6817
-0.0602 -0.7201 -0.6758
-0.0346 -0.7191 -0.6654
-0.0205 -0.7041 -0.6515
-0.0258 -0.7042 -0.6454
-0.0222 -0.7148 -0.6549
-0.0222 -0.7148 -0.6549
-0.0224 -0.7159 -0.6486
-0.0235 -0.7285 -0.6333
-0.0235 -0.7285 -0.6333
-0.0239 -0.7511 -0.6357
-0.0239 -0.7511 -0.6357
-0.0261 -0.7685 -0.6440
-0.0198 -0.7555 -0.6317
-0.0238 -0.7617 -0.6462
-0.0172 -0.7586 -0.6419
-0.0107 -0.7556 -0.6378
-0.0107 -0.7556 -0.6378
-0.0133 -0.7583 -0.6361
-0.0209 -0.7612 -0.6245
-0.0338 -0.7621 -0.6256
-0.0277 -0.7672 -0.6467
-0.0088 -0.7645 -0.6481
-0.0088 -0.7645 -0.6481
-0.0050 -0.7603 -0.6344
-0.0220 -0.7610 -0.6289
-0.0373 -0.7586 -0.6260
-0.0418 -0.7567 -0.6426
-0.0351 -0.7598 -0.6434
-0.0351 -0.7598 -0.6434
-0.0293 -0.7588 -0.6399
-0.0169 -0.7633 -0.6161
-0.0149 -0.7638 -0.6287
-0.0149 -0.7638 -0.6287
-0.0139 -0.7571 -0.6238
-0.0151 -0.7577 -0.6147
-0.0107 -0.7599 -0.6049
-0.0157 -0.7667 -0.5947
-0.0107 -0.7612 -0.5781
-0.0107 -0.7612 -0.5781
-0.0080 -0.7486 -0.5824
-0.0475 -0.7725 -0.6067
-0.0551 -0.7867 -0.5968
-0.0390 -0.7837 -0.6068
-0.0313 -0.7747 -0.5949
-0.0313 -0.7747 -0.5949
0.0086 -0.7435 -0.5557
0.0703 -0.7014 -0.5831
-0.0023 -0.7473 -0.5921
-0.0360 -0.7573 -0.5968
-0.0254 -0.7645 -0.6052
-0.0254 -0.7645 -0.6052
-0.0706 -0.7466 -0.6080
-0.1171 -0.7619 -0.6689
-0.1355 -0.7642 -0.6714
-0.1530 -0.8149 -0.7180
-0.1530 -0.8149 -0.7180
-0.1034 -0.8192 -0.6897
-0.0975 -0.8245 -0.6931
-0.0191 -0.7792 -0.6175
0.0009 -0.7364 -0.5891
-0.0603 -0.7522 -0.6159
-0.0603 -0.7522 -0.6159
-0.0531 -0.7567 -0.6667
-0.0069 -0.7359 -0.6219
-0.0476 -0.7367 -0.6180
-0.0821 -0.7551 -0.6438
-0.0939 -0.7601 -0.6482
-0.0939 -0.7601 -0.6482
-0.1003 -0.7724 -0.6671
-0.0689 -0.7726 -0.6479
-0.0509 -0.7760 -0.6466
-0.0481 -0.7627 -0.6237
-0.0577 -0.7692 -0.6259
-0.0577 -0.7692 -0.6259
-0.1077 -0.8116 -0.4150
-0.1164 -0.7152 -0.6788
-0.0443 -0.7717 -0.6542
-0.0767 -0.7325 -0.7260
-0.0767 -0.7325 -0.7260
-0.0647 -0.7896 -0.6264
-0.0629 -0.7437 -0.5519
-0.0715 -0.7590 -0.6435
-0.0944 -0.7976 -0.7196
-0.0944 -0.7976 -0.7196
-0.0449 -0.7600 -0.6302
-0.0706 -0.7997 -0.5684
-0.0866 -0.7558 -0.5692
-0.0849 -0.7569 -0.5832
-0.0857 -0.7642 -0.6419
-0.0857 -0.7642 -0.6419
-0.0496 -0.7317 -0.6634
0.0205 -0.7042 -0.6525
0.0634 -0.7128 -0.6339
0.0765 -0.7112 -0.6375
0.0650 -0.6962 -0.6810
0.0776 -0.6803 -0.7529
0.0734 -0.7048 -0.6554
0.0054 -0.7017 -0.6516
0.0153 -0.7695 -0.5971
-0.0331 -0.7452 -0.6642
-0.0331 -0.7452 -0.6642
-0.0529 -0.7519 -0.6214
-0.0219 -0.7585 -0.7045
-0.0296 -0.7449 -0.7107
-0.0297 -0.7822 -0.7036
-0.0297 -0.7822 -0.7036
-0.0327 -0.7663 -0.6674
-0.0193 -0.7645 -0.6330
-0.0281 -0.7698 -0.6323
-0.0251 -0.7686 -0.6341
-0.0251 -0.7686 -0.6341
-0.0443 -0.7525 -0.6028
-0.0210 -0.7664 -0.6077
-0.0234 -0.7740 -0.5863
-0.0298 -0.7786 -0.6067
-0.0138 -0.7752 -0.6055
-0.0138 -0.7752 -0.6055
-0.0099 -0.7614 -0.6102
-0.0070 -0.7668 -0.6025
-0.0130 -0.7760 -0.5990
-0.0123 -0.7796 -0.6195
-0.0134 -0.7759 -0.6098
-0.0134 -0.7759 -0.6098
-0.0248 -0.7830 -0.6074
-0.0360 -0.7852 -0.6120
-0.0356 -0.7901 -0.6001
-0.0401 -0.7902 -0.5786
-0.0352 -0.7949 -0.5841
-0.0352 -0.7949 -0.5841
-0.0352 -0.7818 -0.6010
-0.0426 -0.7823 -0.6119
-0.0385 -0.7849 -0.6154
-0.0291 -0.7857 -0.6106
-0.0291 -0.7857 -0.6106
-0.0247 -0.7862 -0.6004
-0.0342 -0.7795 -0.5955
-0.0354 -0.7776 -0.5968
-0.0309 -0.7756 -0.5874
-0.0383 -0.7829 -0.5922
-0.0383 -0.7829 -0.5922
-0.0486 -0.7870 -0.5842
-0.0440 -0.7881 -0.5831
-0.0410 -0.7926 -0.5714
-0.0419 -0.7894 -0.5613
-0.0347 -0.7962 -0.5765
-0.0347 -0.7962 -0.5765
-0.0252 -0.7992 -0.5727
-0.0315 -0.8001 -0.5724
-0.0353 -0.7964 -0.5789
-0.0335 -0.7960 -0.5888
-0.0325 -0.7987 -0.5840
-0.0325 -0.7987 -0.5840
-0.0372 -0.7994 -0.5742
-0.0440 -0.7968 -0.5872
-0.0362 -0.7861 -0.6027
-0.0336 -0.7905 -0.5812
-0.0359 -0.7912 -0.5731
-0.0359 -0.7912 -0.5731
-0.0303 -0.7936 -0.5836
-0.0310 -0.7878 -0.5884
-0.0316 -0.7864 -0.5802
-0.0429 -0.7949 -0.5776
-0.0429 -0.7949 -0.5776
-0.0468 -0.8006 -0.5755
-0.0433 -0.8023 -0.5757
-0.0395 -0.7983 -0.5839
-0.0376 -0.7978 -0.5909
-0.0322 -0.7936 -0.5867
-0.0322 -0.7936 -0.5867
-0.0333 -0.7915 -0.5820
-0.0330 -0.7962 -0.5869
-0.0354 -0.7981 -0.5930
-0.0376 -0.7940 -0.5891
-0.0380 -0.7945 -0.5798
-0.0380 -0.7945 -0.5798
-0.0363 -0.7944 -0.5814
-0.0365 -0.7932 -0.5909
-0.0386 -0.7939 -0.5891
-0.0366 -0.7885 -0.5852
-0.0349 -0.7894 -0.5846
-0.0349 -0.7894 -0.5846
-0.0385 -0.7876 -0.5962
-0.0364 -0.7847 -0.5916
-0.0418 -0.7882 -0.5907
-0.0389 -0.7898 -0.5915
-0.0428 -0.7906 -0.5919
-0.0428 -0.7906 -0.5919
-0.0440 -0.7910 -0.5870
-0.0448 -0.7885 -0.5900
-0.0425 -0.7892 -0.5961
-0.0390 -0.7921 -0.5993
-0.0390 -0.7921 -0.5993
-0.0394 -0.7922 -0.5847
-0.0370 -0.7910 -0.5874
-0.0325 -0.7918 -0.5879
-0.0272 -0.7852 -0.5780
-0.0406 -0.7855 -0.5780
-0.0406 -0.7855 -0.5780
-0.0470 -0.7880 -0.5904
-0.0393 -0.7934 -0.5957
-0.0409 -0.7975 -0.5900
-0.0379 -0.7970 -0.5965
-0.0368 -0.7951 -0.5954
-0.0368 -0.7951 -0.5954
-0.0432 -0.7901 -0.5934
-0.0440 -0.8000 -0.5880
-0.0381 -0.7952 -0.5799
-0.0330 -0.7977 -0.5761
-0.0365 -0.7899 -0.5744
-0.0468 -0.7905 -0.5829
-0.0423 -0.7961 -0.5865
-0.0442 -0.7928 -0.5818
-0.0473 -0.7883 -0.5781
-0.0470 -0.7911 -0.5818
-0.0470 -0.7911 -0.5818
-0.0464 -0.7950 -0.5725
-0.0392 -0.7963 -0.5849
-0.0353 -0.7961 -0.5986
-0.0439 -0.7922 -0.5844
-0.0439 -0.7922 -0.5844
-0.0448 -0.7927 -0.5723
-0.0346 -0.7911 -0.5786
-0.0371 -0.7976 -0.5786
-0.0450 -0.7924 -0.5764
-0.0430 -0.7888 -0.5633
-0.0430 -0.7888 -0.5633
-0.0400 -0.7979 -0.5813
-0.0421 -0.7933 -0.5846
-0.0406 -0.7901 -0.5823
-0.0215 -0.7980 -0.5901
-0.0553 -0.7976 -0.5727
-0.0553 -0.7976 -0.5727
-0.0391 -0.7991 -0.5938
-0.0384 -0.7914 -0.6074
-0.0338 -0.7943 -0.5918

