-0.0267 -0.7909 -0.5923
-0.0302 -0.7933 -0.5936
-0.0302 -0.7933 -0.5936
-0.0397 -0.7986 -0.5895
-0.0416 -0.7925 -0.5849
-0.0471 -0.7885 -0.5885
-0.0392 -0.7932 -0.5910
-0.0404 -0.7933 -0.5771
-0.0404 -0.7933 -0.5771
-0.0415 -0.7850 -0.5884
-0.0378 -0.7871 -0.5754
-0.0351 -0.7892 -0.5921
-0.0335 -0.7895 -0.6002
-0.0335 -0.7895 -0.6002
-0.0409 -0.7841 -0.5900
-0.0311 -0.8032 -0.5928
-0.0334 -0.7882 -0.5944
-0.0303 -0.7937 -0.5831
-0.0341 -0.7953 -0.5849
-0.0341 -0.7953 -0.5849
-0.0417 -0.7909 -0.5879
-0.0327 -0.7928 -0.5879
-0.0304 -0.7945 -0.5959
-0.0370 -0.7898 -0.5910
-0.0376 -0.7884 -0.5904
-0.0376 -0.7884 -0.5904
-0.0426 -0.7934 -0.5981
-0.0377 -0.7936 -0.5939
-0.0391 -0.7834 -0.5720
-0.0352 -0.7886 -0.5841
-0.0394 -0.7876 -0.5764
-0.0394 -0.7876 -0.5764
-0.0427 -0.7903 -0.5797
-0.0464 -0.7876 -0.5908
-0.0345 -0.7972 -0.5967
-0.0350 -0.7986 -0.5927
-0.0322 -0.7963 -0.5954
-0.0322 -0.7963 -0.5954
-0.0307 -0.7895 -0.5961
-0.0370 -0.7915 -0.5885
-0.0382 -0.7956 -0.5756
-0.0444 -0.7976 -0.5801
-0.0444 -0.7976 -0.5801
-0.0370 -0.7937 -0.5845
-0.0334 -0.7909 -0.5880
-0.0378 -0.7914 -0.5805
-0.0363 -0.7943 -0.5846
-0.0324 -0.7940 -0.5924
-0.0324 -0.7940 -0.5924
-0.0117 -0.7831 -0.6068
-0.0462 -0.8059 -0.6064
-0.0454 -0.7937 -0.5884
-0.0388 -0.8029 -0.5707
-0.0236 -0.7671 -0.5873
-0.0236 -0.7671 -0.5873
-0.0448 -0.8027 -0.5747
-0.0432 -0.7934 -0.5799
-0.0352 -0.7927 -0.5729
-0.0352 -0.7927 -0.5729
-0.0363 -0.7990 -0.5813
-0.0294 -0.7980 -0.5943
-0.0355 -0.8011 -0.5827
-0.0410 -0.7985 -0.5776
-0.0433 -0.7949 -0.5750
-0.0433 -0.7949 -0.5750
-0.0294 -0.7958 -0.5836
-0.0354 -0.7977 -0.5780
-0.0397 -0.7940 -0.5789
-0.0396 -0.7916 -0.5861
-0.0396 -0.7916 -0.5861
-0.0338 -0.7971 -0.5888
-0.0351 -0.7921 -0.5858
-0.0356 -0.7983 -0.5743
-0.0358 -0.8013 -0.5763
-0.0388 -0.7960 -0.5833
-0.0388 -0.7960 -0.5833
-0.0360 -0.7954 -0.5864
-0.0396 -0.7960 -0.5768
-0.0404 -0.7991 -0.5811
-0.0368 -0.7928 -0.5776
-0.0372 -0.7977 -0.5833
-0.0372 -0.7977 -0.5833
-0.0415 -0.7911 -0.5876
-0.0391 -0.7934 -0.5789
-0.0363 -0.7918 -0.5709
-0.0439 -0.7878 -0.5843
-0.0391 -0.7932 -0.5887
-0.0391 -0.7932 -0.5887
-0.0353 -0.7956 -0.5750
-0.0363 -0.7923 -0.5804
-0.0368 -0.7919 -0.5858
-0.0393 -0.7921 -0.5764
-0.0341 -0.7906 -0.5730
-0.0341 -0.7906 -0.5730
-0.0288 -0.7928 -0.5882
-0.0347 -0.7948 -0.5911
-0.0371 -0.7953 -0.5883
-0.0384 -0.7942 -0.5842
-0.0384 -0.7942 -0.5842
-0.0390 -0.7988 -0.5863
-0.0361 -0.7941 -0.5858
-0.0347 -0.7986 -0.5884
-0.0412 -0.7955 -0.5885
-0.0384 -0.7941 -0.5927
-0.0384 -0.7941 -0.5927
-0.0338 -0.7910 -0.5899
-0.0396 -0.7865 -0.5889
-0.0387 -0.7888 -0.5869
-0.0386 -0.7874 -0.5859
-0.0407 -0.7864 -0.5776
-0.0407 -0.7864 -0.5776
-0.0377 -0.7858 -0.5778
-0.0373 -0.7918 -0.5903
-0.0361 -0.7894 -0.5854
-0.0365 -0.7877 -0.5881
-0.0328 -0.7857 -0.5836
-0.0328 -0.7857 -0.5836
-0.0309 -0.7920 -0.5835
-0.0273 -0.7921 -0.5805
-0.0264 -0.7944 -0.5905
-0.0314 -0.7903 -0.5938
-0.0314 -0.7903 -0.5938
-0.0323 -0.7894 -0.5865
-0.0336 -0.7942 -0.5948
-0.0353 -0.7955 -0.6023
-0.0304 -0.7889 -0.5996
-0.0294 -0.7815 -0.5910
-0.0294 -0.7815 -0.5910
-0.0331 -0.7857 -0.5865
-0.0361 -0.7858 -0.5893
-0.0330 -0.7871 -0.5895
-0.0339 -0.7823 -0.5896
-0.0376 -0.7798 -0.5928
-0.0376 -0.7798 -0.5928
-0.0313 -0.7810 -0.5890
-0.0303 -0.7745 -0.5854
-0.0467 -0.7719 -0.5855
-0.0310 -0.7706 -0.5805
-0.0361 -0.7779 -0.5749
-0.0361 -0.7779 -0.5749
-0.0022 -0.7589 -0.5315
0.0003 -0.7648 -0.5321
-0.0002 -0.7488 -0.5220
0.0053 -0.7313 -0.4810
0.0196 -0.7530 -0.4305
0.0196 -0.7530 -0.4305
0.0648 -0.6161 -0.7268
0.0959 -0.5823 -0.5416
-0.0425 -0.7501 -0.5573
0.0143 -0.6365 -0.5756
0.0143 -0.6365 -0.5756
-0.0475 -0.6097 -0.6809
-0.1019 -0.6037 -0.6694
-0.1362 -0.5092 -0.6401
-0.1610 -0.3670 -0.5758
-0.1515 -0.2889 -0.7001
-0.1515 -0.2889 -0.7001
-0.1668 -0.1250 -1.2386
-0.1968 -0.0584 -1.2044
-0.2117 -0.0929 -1.0166
-0.0864 -0.2835 -0.9810
0.0305 -0.4219 -1.0360
0.0305 -0.4219 -1.0360
0.0812 -0.4099 -0.9450
0.1211 -0.3309 -1.0267
0.1386 -0.2853 -1.0601
0.1840 -0.2581 -0.8578
0.1624 -0.2274 -0.9119
0.1624 -0.2274 -0.9119
0.1154 -0.2515 -0.9921
0.0302 -0.2876 -1.0620
0.0335 -0.2520 -1.0500
0.0347 -0.2240 -1.0130
0.0379 -0.1782 -0.8592
0.0379 -0.1782 -0.8592
-0.0111 -0.1545 -0.9587
-0.0190 -0.1497 -1.0632
-0.0420 -0.0929 -1.0737
-0.0876 -0.0605 -1.0566
-0.1411 -0.0743 -1.0697
-0.1411 -0.0743 -1.0697
-0.1868 -0.0198 -0.9856
-0.1175 0.0051 -1.4419
-0.0871 -0.0325 -1.1239
-0.1175 -0.0413 -0.7649
-0.1175 -0.0413 -0.7649
-0.2208 -0.0604 -0.5670
-0.2084 -0.0800 -1.1356
-0.1581 -0.0394 -1.1716
-0.1249 0.0159 -0.9405
-0.1044 0.0378 -0.9180
-0.1044 0.0378 -0.9180
-0.2028 0.0342 -0.9858
-0.2032 -0.0815 -1.1146
-0.1857 -0.0985 -1.0449
-0.1766 -0.0195 -1.0063
-0.2805 -0.0953 -0.4772
-0.2805 -0.0953 -0.4772
-0.3055 -0.1189 -1.5957
-0.0047 0.0062 -1.0342
-0.2534 0.0361 -0.8135
-0.1494 -0.0275 -0.9966
-0.1528 -0.0036 -0.8095
-0.1528 -0.0036 -0.8095
-0.1250 0.0323 -0.9745
-0.0911 -0.0015 -0.9663
-0.0472 0.0270 -0.9706
-0.0158 0.0263 -1.0400
-0.0158 0.0263 -1.0400
-0.0314 -0.0270 -0.9907
-0.0257 -0.0230 -0.7938
0.0600 0.0453 -2.1725
-0.0059 -0.0185 -0.9158
0.1548 -0.0921 -0.9801
0.1548 -0.0921 -0.9801
0.0230 -0.0034 -0.9879
0.0269 -0.0057 -0.9838
0.0277 -0.0062 -0.9867
0.0266 -0.0062 -0.9791
0.0279 -0.0061 -0.9894
0.0279 -0.0061 -0.9894
0.0281 -0.0049 -0.9789
0.0275 -0.0064 -0.9912
0.0273 -0.0054 -0.9796
0.0282 -0.0055 -0.9892
0.0274 -0.0052 -0.9791
0.0274 -0.0052 -0.9791
0.0277 -0.0059 -0.9904
0.0280 -0.0060 -0.9789
0.0277 -0.0062 -0.9883
0.0275 -0.0046 -0.9795
0.0280 -0.0064 -0.9887
0.0280 -0.0064 -0.9887
0.0272 -0.0052 -0.9810
0.0284 -0.0059 -0.9857
0.0275 -0.0053 -0.9839
0.0277 -0.0062 -0.9843
0.0277 -0.0059 -0.9853
0.0277 -0.0059 -0.9853
0.0274 -0.0063 -0.9860
0.0274 -0.0058 -0.9845
0.0284 -0.0057 -0.9842
0.0276 -0.0059 -0.9857
0.0276 -0.0059 -0.9857
0.0275 -0.0056 -0.9831
0.0280 -0.0048 -0.9864
0.0277 -0.0057 -0.9820
0.0279 -0.0056 -0.9862
0.0279 -0.0056 -0.9826
0.0279 -0.0056 -0.9826
0.0277 -0.0060 -0.9849
0.0275 -0.0056 -0.9827
0.0278 -0.0054 -0.9875
0.0270 -0.0056 -0.9805
0.0284 -0.0052 -0.9876
0.0284 -0.0052 -0.9876
0.0281 -0.0057 -0.9840
0.0276 -0.0061 -0.9845
0.0278 -0.0061 -0.9851
0.0283 -0.0060 -0.9848
0.0274 -0.0058 -0.9852
0.0274 -0.0058 -0.9852
0.0286 -0.0058 -0.9838
0.0276 -0.0058 -0.9845
0.0280 -0.0056 -0.9846
0.0280 -0.0064 -0.9842
0.0276 -0.0054 -0.9852
0.0276 -0.0054 -0.9852
0.0279 -0.0067 -0.9840
0.0284 -0.0058 -0.9853
0.0277 -0.0055 -0.9845
0.0291 -0.0058 -0.9854
0.0291 -0.0058 -0.9854
0.0274 -0.0057 -0.9856
0.0282 -0.0063 -0.9853
0.0276 -0.0060 -0.9810
0.0281 -0.0060 -0.9876
0.0278 -0.0051 -0.9851
0.0278 -0.0051 -0.9851
0.0273 -0.0060 -0.9837
0.0275 -0.0060 -0.9853
0.0277 -0.0057 -0.9842
0.0282 -0.0053 -0.9859
0.0283 -0.0055 -0.9832
0.0283 -0.0055 -0.9832
0.0283 -0.0062 -0.9869
0.0277 -0.0058 -0.9824
0.0277 -0.0060 -0.9864
0.0281 -0.0059 -0.9847
0.0278 -0.0059 -0.9868
0.0278 -0.0059 -0.9868
0.0281 -0.0059 -0.9828
0.0282 -0.0058 -0.9863
0.0275 -0.0055 -0.9830
0.0279 -0.0063 -0.9855
0.0279 -0.0063 -0.9855
0.0278 -0.0060 -0.9829
0.0278 -0.0055 -0.9848
0.0277 -0.0060 -0.9837
0.0277 -0.0064 -0.9839
0.0278 -0.0057 -0.9837
0.0278 -0.0057 -0.9837
0.0278 -0.0062 -0.9858
0.0287 -0.0060 -0.9821
0.0278 -0.0064 -0.9854
0.0273 -0.0067 -0.9844
0.0277 -0.0054 -0.9845
0.0277 -0.0054 -0.9845
0.0276 -0.0057 -0.9830
0.0274 -0.0062 -0.9836
0.0276 -0.0053 -0.9826
0.0279 -0.0067 -0.9843
0.0273 -0.0059 -0.9817
0.0273 -0.0059 -0.9817
0.0287 -0.0058 -0.9841
0.0282 -0.0058 -0.9848
0.0281 -0.0059 -0.9809
0.0279 -0.0065 -0.9866
0.0273 -0.0058 -0.9803
0.0273 -0.0058 -0.9803
0.0284 -0.0060 -0.9871
0.0277 -0.0061 -0.9809
0.0278 -0.0057 -0.9860
0.0214 -0.0079 -0.9791
0.0214 -0.0079 -0.9791
-0.0261 -0.0291 -0.9897
0.1280 0.0224 -0.9739
-0.0061 -0.0279 -0.9922
0.0373 0.0105 -0.9739
0.0375 0.0016 -1.0016
0.0375 0.0016 -1.0016
-0.1211 -0.0590 -0.9965
-0.0755 0.0431 -1.0382
-0.0565 -0.0030 -1.0268
0.0322 -0.0056 -1.0338
0.0976 0.0611 -1.0083
0.0976 0.0611 -1.0083
0.1776 0.1899 -0.9799
0.2460 0.3469 -0.9010
0.3864 0.2235 -0.8899
0.4209 0.1002 -0.8716
0.4512 0.0436 -0.8398
0.4512 0.0436 -0.8398
0.4944 -0.0272 -0.9853
0.3748 0.0665 -1.0080
0.3038 0.1354 -1.0450
0.1017 0.1494 -1.3898
0.1702 0.2487 -1.1718
0.1702 0.2487 -1.1718
0.1568 0.2234 -0.9186
0.1635 0.0800 -0.9196
0.2309 -0.0763 -1.0655
0.1938 -0.0584 -1.0264
0.1938 -0.0584 -1.0264
0.1672 0.0838 -0.9892
0.2442 0.2234 -1.0239
0.4834 0.2913 -1.1575
0.1369 -0.2781 -1.5581
-0.1363 -0.6290 -1.1815
-0.1363 -0.6290 -1.1815
0.0428 -0.2418 -0.6847
0.1419 0.1206 -0.8311
0.1294 0.1111 -1.0480
0.0413 -0.0157 -1.3844
0.0229 -0.1507 -1.1674
0.0229 -0.1507 -1.1674
0.0865 -0.1535 -0.9534
0.1516 -0.2084 -0.9728
0.1760 -0.2761 -1.1075
0.0190 -0.3573 -0.9980
0.0205 -0.3255 -0.8714
0.0205 -0.3255 -0.8714
0.0728 -0.3662 -0.7683
0.0452 -0.3775 -0.6748
0.0790 -0.4695 -0.6846
0.1124 -0.4751 -0.7165
0.1124 -0.4751 -0.7165
0.1042 -0.4469 -0.7004
0.0843 -0.4812 -0.6551
-0.0180 -0.4943 -0.6359
-0.0961 -0.5089 -0.5184
-0.0502 -0.5548 -0.5946
-0.0502 -0.5548 -0.5946
0.0060 -0.6079 -0.6160
-0.0466 -0.6177 -0.5729
-0.0885 -0.6836 -0.5815
-0.1044 -0.7280 -0.6503
-0.1255 -0.7241 -0.6357
-0.1255 -0.7241 -0.6357
-0.1712 -0.7638 -0.7057
-0.1010 -0.7597 -0.6774
-0.0563 -0.7545 -0.6148
-0.0670 -0.7627 -0.5706
-0.0918 -0.7830 -0.5813
-0.0918 -0.7830 -0.5813
-0.0869 -0.7809 -0.5541
-0.0473 -0.7765 -0.5674
-0.0254 -0.7562 -0.4894
0.0009 -0.8072 -0.5007
-0.0036 -0.8376 -0.4331
-0.0036 -0.8376 -0.4331
-0.0134 -0.8401 -0.4193
-0.0168 -0.8431 -0.4504
-0.0210 -0.8197 -0.5097
-0.0310 -0.8004 -0.5055
0.0325 -0.8164 -0.6089
0.0325 -0.8164 -0.6089
-0.0353 -0.8135 -0.5181
-0.0652 -0.7968 -0.4978
-0.0643 -0.7956 -0.5210
-0.0839 -0.7871 -0.5248
-0.0839 -0.7871 -0.5248
-0.0542 -0.7977 -0.5676
-0.0572 -0.8083 -0.5451
-0.0863 -0.8044 -0.5106
-0.0956 -0.8220 -0.5223
-0.0632 -0.8052 -0.5286
-0.0632 -0.8052 -0.5286
-0.0489 -0.7886 -0.5503
-0.0492 -0.7935 -0.6122
-0.0870 -0.8335 -0.6251
-0.1168 -0.7876 -0.5774
-0.0950 -0.8076 -0.5792
-0.0950 -0.8076 -0.5792
-0.0986 -0.8138 -0.5896
-0.0913 -0.8078 -0.6016
-0.0623 -0.8025 -0.5929
-0.0612 -0.7755 -0.5664
-0.0632 -0.7979 -0.5615
-0.0632 -0.7979 -0.5615
-0.0769 -0.7958 -0.5672
-0.0740 -0.7879 -0.5585
-0.0664 -0.7875 -0.5841
-0.0437 -0.7825 -0.6125
-0.0437 -0.7825 -0.6125
-0.0369 -0.7728 -0.6510
-0.0376 -0.7813 -0.6297
-0.0433 -0.7844 -0.6064
-0.0424 -0.7730 -0.6055
-0.0314 -0.7835 -0.6208
-0.0314 -0.7835 -0.6208
-0.0407 -0.7733 -0.6146
-0.0453 -0.7697 -0.6221
-0.0324 -0.7704 -0.6240
-0.0399 -0.7686 -0.6158
-0.0245 -0.7734 -0.6241
-0.0245 -0.7734 -0.6241
-0.0238 -0.7762 -0.6080
-0.0285 -0.7698 -0.5982
-0.0375 -0.7681 -0.6073
-0.0388 -0.7723 -0.6262
-0.0329 -0.7658 -0.6371
-0.0329 -0.7658 -0.6371
-0.0334 -0.7646 -0.6230
-0.0347 -0.7659 -0.6339
-0.0369 -0.7711 -0.6321
-0.0344 -0.7570 -0.6275
-0.0300 -0.7608 -0.6133
-0.0300 -0.7608 -0.6133
-0.0295 -0.7708 -0.6210
-0.0380 -0.7668 -0.6141
-0.0277 -0.7649 -0.6296
-0.0286 -0.7649 -0.6314
-0.0323 -0.7662 -0.6186
-0.0323 -0.7662 -0.6186
-0.0224 -0.7696 -0.6211
-0.0266 -0.7638 -0.6238
-0.0223 -0.7672 -0.6359
-0.0204 -0.7679 -0.6282
-0.0204 -0.7679 -0.6282
-0.0301 -0.7526 -0.6149
-0.0259 -0.7646 -0.6407
-0.0246 -0.7663 -0.6310
-0.0260 -0.7616 -0.6195
-0.0294 -0.7625 -0.6145
-0.0294 -0.7625 -0.6145
-0.0297 -0.7618 -0.6236
-0.0190 -0.7618 -0.6307
-0.0217 -0.7675 -0.6291
-0.0198 -0.7639 -0.6334
-0.0171 -0.7614 -0.6148
-0.0171 -0.7614 -0.6148
-0.0220 -0.7551 -0.5967
-0.0273 -0.7605 -0.5967
-0.0248 -0.7672 -0.6055
-0.0191 -0.7737 -0.6249
-0.0190 -0.7716 -0.6407
-0.0190 -0.7716 -0.6407
-0.0264 -0.7608 -0.6358
-0.0292 -0.7616 -0.6341
-0.0170 -0.7699 -0.6319
-0.0124 -0.7763 -0.6221
-0.0124 -0.7763 -0.6221
-0.0157 -0.7711 -0.6170
-0.0229 -0.7634 -0.6149
-0.0272 -0.7626 -0.6179
-0.0248 -0.7602 -0.6145
-0.0213 -0.7560 -0.5881
-0.0213 -0.7560 -0.5881
-0.0259 -0.7616 -0.6026
-0.0164 -0.7725 -0.6554
-0.0059 -0.7670 -0.6427
-0.0314 -0.7591 -0.5980
-0.0457 -0.7618 -0.5947
-0.0457 -0.7618 -0.5947
-0.0380 -0.7714 -0.6196
-0.0258 -0.7781 -0.6281
-0.0206 -0.7818 -0.6277
-0.0199 -0.7703 -0.6358
-0.0194 -0.7804 -0.6361
-0.0194 -0.7804 -0.6361
-0.0210 -0.7777 -0.6182
-0.0210 -0.7716 -0.6178
-0.0179 -0.7716 -0.6291
-0.0232 -0.7687 -0.6178
-0.0167 -0.7651 -0.6104
-0.0167 -0.7651 -0.6104
-0.0150 -0.7640 -0.6087
-0.0220 -0.7682 -0.6177
-0.0220 -0.7647 -0.6158
-0.0184 -0.7673 -0.6119
-0.0184 -0.7673 -0.6119
-0.0239 -0.7617 -0.6103
-0.0216 -0.7661 -0.6046
-0.0181 -0.7710 -0.6110
-0.0251 -0.7743 -0.6174
-0.0235 -0.7742 -0.6217
-0.0235 -0.7742 -0.6217
-0.0173 -0.7757 -0.6223
-0.0217 -0.7756 -0.6269
-0.0294 -0.7716 -0.6200
-0.0219 -0.7653 -0.6175
-0.0235 -0.7727 -0.6082
-0.0235 -0.7727 -0.6082
-0.0279 -0.7721 -0.6006
-0.0260 -0.7683 -0.5972
-0.0245 -0.7734 -0.6158
-0.0233 -0.7645 -0.6282
-0.0224 -0.7682 -0.6130

