0.0075 0.0298 -0.0628
0.0075 0.0297 -0.0627
0.0076 0.0297 -0.0627
0.0076 0.0297 -0.0627
0.0076 0.0297 -0.0627
0.0077 0.0298 -0.0628
0.0077 0.0298 -0.0629
0.0076 0.0298 -0.0629
0.0076 0.0298 -0.0629
0.0076 0.0298 -0.0629
0.0075 0.0299 -0.0629
0.0075 0.0299 -0.0630
0.0076 0.0300 -0.0631
0.0076 0.0300 -0.0631
0.0077 0.0300 -0.0631
0.0077 0.0299 -0.0631
0.0077 0.0299 -0.0631
0.0078 0.0299 -0.0631
0.0079 0.0299 -0.0631
0.0080 0.0299 -0.0632
0.0080 0.0299 -0.0632
0.0080 0.0299 -0.0632
0.0079 0.0299 -0.0632
0.0079 0.0299 -0.0632
0.0079 0.0300 -0.0633
0.0079 0.0300 -0.0633
0.0079 0.0300 -0.0633
0.0079 0.0301 -0.0632
0.0078 0.0301 -0.0632
0.0078 0.0302 -0.0633
0.0078 0.0302 -0.0633
0.0078 0.0302 -0.0634
0.0078 0.0303 -0.0634
0.0077 0.0303 -0.0635
0.0077 0.0304 -0.0635
0.0077 0.0303 -0.0635
0.0079 0.0303 -0.0636
0.0079 0.0302 -0.0636
0.0080 0.0302 -0.0636
0.0080 0.0302 -0.0636
0.0081 0.0302 -0.0637
0.0081 0.0302 -0.0637
0.0081 0.0304 -0.0639
0.0081 0.0305 -0.0640
0.0081 0.0305 -0.0641
0.0081 0.0306 -0.0641
0.0081 0.0306 -0.0641
0.0081 0.0306 -0.0641
0.0082 0.0307 -0.0640
0.0082 0.0308 -0.0640
0.0082 0.0308 -0.0640
0.0082 0.0308 -0.0639
0.0082 0.0308 -0.0640
0.0082 0.0308 -0.0640
0.0083 0.0308 -0.0640
0.0083 0.0309 -0.0641
0.0083 0.0309 -0.0642
0.0083 0.0309 -0.0643
0.0083 0.0309 -0.0644
0.0082 0.0309 -0.0644
0.0083 0.0309 -0.0644
0.0083 0.0309 -0.0644
0.0083 0.0309 -0.0644
0.0083 0.0309 -0.0643
0.0083 0.0308 -0.0642
0.0083 0.0308 -0.0642
0.0082 0.0308 -0.0641
0.0082 0.0308 -0.0641
0.0082 0.0308 -0.0641
0.0082 0.0308 -0.0641
0.0083 0.0309 -0.0641
0.0083 0.0309 -0.0641
0.0082 0.0309 -0.0640
0.0082 0.0308 -0.0640
0.0082 0.0308 -0.0639
0.0082 0.0308 -0.0640
0.0082 0.0310 -0.0641
0.0082 0.0310 -0.0641
0.0082 0.0310 -0.0640
0.0082 0.0309 -0.0640
0.0082 0.0309 -0.0639
0.0082 0.0310 -0.0640
0.0082 0.0311 -0.0640
0.0082 0.0311 -0.0640
0.0082 0.0311 -0.0640
0.0082 0.0311 -0.0639
0.0082 0.0311 -0.0639
0.0082 0.0311 -0.0639
0.0083 0.0311 -0.0640
0.0083 0.0310 -0.0639
0.0083 0.0310 -0.0639
0.0083 0.0309 -0.0639
0.0084 0.0308 -0.0638
0.0084 0.0308 -0.0638
0.0084 0.0309 -0.0639
0.0084 0.0309 -0.0639
0.0084 0.0308 -0.0638
0.0084 0.0307 -0.0637
0.0084 0.0306 -0.0636
0.0084 0.0305 -0.0636
0.0083 0.0306 -0.0637
0.0083 0.0306 -0.0637
0.0083 0.0306 -0.0637
0.0083 0.0306 -0.0637
0.0083 0.0306 -0.0636
0.0083 0.0306 -0.0636
0.0083 0.0308 -0.0638
0.0083 0.0309 -0.0638
0.0083 0.0309 -0.0638
0.0083 0.0310 -0.0638
0.0083 0.0310 -0.0638
0.0083 0.0310 -0.0637
0.0083 0.0310 -0.0637
0.0083 0.0310 -0.0637
0.0084 0.0309 -0.0637
0.0084 0.0309 -0.0636
0.0084 0.0308 -0.0636
0.0085 0.0307 -0.0635
0.0085 0.0307 -0.0635
0.0085 0.0306 -0.0634
0.0086 0.0305 -0.0633
0.0086 0.0303 -0.0632
0.0086 0.0302 -0.0631
0.0086 0.0301 -0.0630
0.0086 0.0299 -0.0629
0.0085 0.0298 -0.0627
0.0085 0.0296 -0.0626
0.0084 0.0295 -0.0624
0.0083 0.0294 -0.0622
0.0083 0.0293 -0.0621
0.0082 0.0292 -0.0620
0.0081 0.0291 -0.0619
0.0080 0.0290 -0.0618
0.0079 0.0290 -0.0616
0.0078 0.0289 -0.0614
0.0078 0.0287 -0.0612
0.0078 0.0284 -0.0609
0.0078 0.0282 -0.0607
0.0077 0.0280 -0.0603
0.0076 0.0278 -0.0599
0.0075 0.0274 -0.0595
0.0075 0.0270 -0.0589
0.0076 0.0264 -0.0583
0.0075 0.0258 -0.0575
0.0074 0.0250 -0.0565
0.0071 0.0238 -0.0551
0.0068 0.0224 -0.0534
0.0064 0.0207 -0.0512
0.0059 0.0184 -0.0485
0.0052 0.0155 -0.0453
0.0043 0.0124 -0.0417
0.0032 0.0089 -0.0382
0.0018 0.0049 -0.0345
0.0001 0.0009 -0.0305
-0.0018 -0.0034 -0.0261
-0.0040 -0.0082 -0.0214
-0.0064 -0.0133 -0.0163
-0.0088 -0.0189 -0.0109
-0.0112 -0.0251 -0.0053
-0.0134 -0.0319 0.0003
-0.0153 -0.0389 0.0056
-0.0168 -0.0461 0.0103
-0.0176 -0.0525 0.0139
-0.0175 -0.0585 0.0163
-0.0166 -0.0645 0.0181
-0.0153 -0.0705 0.0195
-0.0140 -0.0759 0.0209
-0.0128 -0.0811 0.0225
-0.0119 -0.0859 0.0243
-0.0111 -0.0905 0.0260
-0.0105 -0.0948 0.0276
-0.0101 -0.0991 0.0291
-0.0099 -0.1035 0.0306
-0.0098 -0.1078 0.0320
-0.0097 -0.1122 0.0334
-0.0096 -0.1164 0.0349
-0.0092 -0.1207 0.0365
-0.0085 -0.1248 0.0380
-0.0078 -0.1291 0.0395
-0.0072 -0.1337 0.0410
-0.0067 -0.1384 0.0425
-0.0062 -0.1429 0.0440
-0.0058 -0.1471 0.0453
-0.0054 -0.1507 0.0465
-0.0053 -0.1536 0.0476
-0.0053 -0.1558 0.0485
-0.0052 -0.1575 0.0492
-0.0053 -0.1583 0.0495
-0.0057 -0.1587 0.0496
-0.0063 -0.1597 0.0496
-0.0069 -0.1616 0.0496
-0.0073 -0.1642 0.0496
-0.0078 -0.1666 0.0496
-0.0083 -0.1684 0.0495
-0.0089 -0.1701 0.0493
-0.0095 -0.1716 0.0489
-0.0102 -0.1729 0.0482
-0.0111 -0.1735 0.0475
-0.0122 -0.1735 0.0470
-0.0132 -0.1735 0.0466
-0.0138 -0.1760 0.0464
-0.0143 -0.1796 0.0459
-0.0141 -0.1823 0.0452
-0.0148 -0.1830 0.0449
-0.0158 -0.1837 0.0446
-0.0165 -0.1847 0.0442
-0.0174 -0.1856 0.0439
-0.0183 -0.1868 0.0435
-0.0191 -0.1886 0.0434
-0.0200 -0.1902 0.0430
-0.0210 -0.1917 0.0426
-0.0220 -0.1934 0.0421
-0.0232 -0.1949 0.0414
-0.0244 -0.1963 0.0408
-0.0258 -0.1979 0.0402
-0.0273 -0.1998 0.0397
-0.0287 -0.2003 0.0391
-0.0302 -0.2007 0.0384
-0.0320 -0.2011 0.0379
-0.0340 -0.2015 0.0374
-0.0362 -0.2018 0.0369
-0.0384 -0.2023 0.0364
-0.0407 -0.2027 0.0359
-0.0431 -0.2031 0.0354
-0.0456 -0.2036 0.0349
-0.0334 -0.2015 0.0370
-0.0076 -0.1972 0.0416
-0.0004 -0.1960 0.0429
0.0009 -0.1958 0.0431
0.0003 -0.1959 0.0430
-0.0008 -0.1961 0.0428
0.0052 -0.1949 0.0438
0.0184 -0.1922 0.0459
0.0217 -0.1915 0.0464
0.0220 -0.1915 0.0465
0.0212 -0.1916 0.0465
0.0201 -0.1918 0.0464
0.0241 -0.1909 0.0469
0.0331 -0.1888 0.0482
0.0352 -0.1883 0.0485
0.0350 -0.1883 0.0486
0.0342 -0.1884 0.0485
0.0331 -0.1886 0.0485
0.0318 -0.1889 0.0484
0.0411 -0.1866 0.0494
0.0433 -0.1861 0.0497
0.0432 -0.1860 0.0498
0.0424 -0.1861 0.0498
0.0413 -0.1863 0.0498
0.0432 -0.1858 0.0500
0.0481 -0.1846 0.0504
0.0489 -0.1843 0.0506
0.0483 -0.1844 0.0506
0.0474 -0.1845 0.0506
0.0462 -0.1847 0.0506
0.0475 -0.1843 0.0507
0.0511 -0.1834 0.0509
0.0515 -0.1832 0.0510
0.0508 -0.1833 0.0510
0.0498 -0.1834 0.0510
0.0487 -0.1836 0.0510
0.0494 -0.1834 0.0512
0.0519 -0.1826 0.0514
0.0520 -0.1825 0.0514
0.0513 -0.1826 0.0515
0.0503 -0.1828 0.0515
0.0492 -0.1830 0.0515
0.0494 -0.1828 0.0516
0.0511 -0.1823 0.0517
0.0510 -0.1822 0.0518
0.0502 -0.1824 0.0518
0.0492 -0.1825 0.0518
0.0481 -0.1827 0.0519
0.0480 -0.1826 0.0519
0.0491 -0.1823 0.0520
0.0488 -0.1823 0.0520
0.0481 -0.1824 0.0521
0.0471 -0.1826 0.0521
0.0462 -0.1828 0.0521
0.0464 -0.1826 0.0522
0.0479 -0.1822 0.0522
0.0479 -0.1822 0.0522
0.0473 -0.1823 0.0522
0.0465 -0.1825 0.0523
0.0456 -0.1827 0.0523
0.0460 -0.1826 0.0523
0.0477 -0.1821 0.0523
0.0477 -0.1821 0.0523
0.0472 -0.1822 0.0524
0.0465 -0.1824 0.0524
0.0458 -0.1826 0.0524
0.0462 -0.1824 0.0524
0.0479 -0.1820 0.0524
0.0480 -0.1819 0.0524
0.0476 -0.1820 0.0524
0.0470 -0.1822 0.0525
0.0464 -0.1824 0.0525
0.0469 -0.1822 0.0525
0.0485 -0.1818 0.0524
0.0486 -0.1817 0.0524
0.0483 -0.1818 0.0525
0.0478 -0.1820 0.0525
0.0473 -0.1822 0.0525
0.0477 -0.1820 0.0525
0.0492 -0.1816 0.0524
0.0494 -0.1815 0.0524
0.0491 -0.1816 0.0525
0.0487 -0.1818 0.0525
0.0482 -0.1820 0.0525
0.0487 -0.1818 0.0525
0.0500 -0.1814 0.0525
0.0502 -0.1813 0.0525
0.0500 -0.1815 0.0525
0.0496 -0.1816 0.0525
0.0492 -0.1818 0.0526
0.0496 -0.1817 0.0525
0.0508 -0.1812 0.0525
0.0510 -0.1812 0.0525
0.0508 -0.1813 0.0525
0.0505 -0.1815 0.0525
0.0502 -0.1817 0.0525
0.0506 -0.1815 0.0525
0.0516 -0.1811 0.0524
0.0518 -0.1810 0.0524
0.0517 -0.1812 0.0525
0.0514 -0.1813 0.0525
0.0512 -0.1816 0.0525
0.0515 -0.1814 0.0525
0.0524 -0.1809 0.0524
0.0526 -0.1809 0.0524
0.0525 -0.1811 0.0525
0.0524 -0.1812 0.0526
0.0522 -0.1815 0.0527
0.0524 -0.1813 0.0527
0.0530 -0.1808 0.0525
0.0532 -0.1807 0.0525
0.0532 -0.1808 0.0527
0.0533 -0.1809 0.0528
0.0534 -0.1809 0.0529
0.0538 -0.1810 0.0531
0.0545 -0.1809 0.0532
0.0552 -0.1808 0.0530
0.0560 -0.1806 0.0522
0.0572 -0.1806 0.0506
0.0581 -0.1807 0.0484
0.0589 -0.1807 0.0458
0.0594 -0.1807 0.0431
0.0593 -0.1809 0.0403
0.0592 -0.1807 0.0378
0.0593 -0.1802 0.0353
0.0599 -0.1795 0.0327
0.0620 -0.1781 0.0303
0.0665 -0.1754 0.0279
0.0714 -0.1728 0.0250
0.0762 -0.1703 0.0217
0.0805 -0.1682 0.0181
0.0842 -0.1660 0.0147
0.0876 -0.1636 0.0116
0.0909 -0.1611 0.0085
0.0938 -0.1589 0.0053
0.0964 -0.1568 0.0017
0.0985 -0.1539 -0.0022
0.0994 -0.1489 -0.0050
0.0993 -0.1415 -0.0054
0.0991 -0.1337 -0.0043
0.0985 -0.1266 -0.0027
0.0975 -0.1197 -0.0014
0.0962 -0.1124 -0.0005
0.0951 -0.1042 0.0001
0.0941 -0.0947 0.0004
0.0932 -0.0844 0.0005
0.0921 -0.0744 0.0003
0.0908 -0.0646 -0.0002
0.0893 -0.0546 -0.0010
0.0878 -0.0445 -0.0022
0.0867 -0.0344 -0.0037
0.0859 -0.0246 -0.0055
0.0854 -0.0160 -0.0074
0.0847 -0.0084 -0.0091
0.0836 -0.0018 -0.0106
0.0822 0.0043 -0.0121
0.0807 0.0100 -0.0138
0.0792 0.0154 -0.0157
0.0773 0.0201 -0.0176
0.0753 0.0243 -0.0197
0.0733 0.0280 -0.0220
0.0713 0.0313 -0.0244
0.0695 0.0342 -0.0269
0.0679 0.0364 -0.0290
0.0664 0.0379 -0.0308
0.0652 0.0390 -0.0324
0.0643 0.0400 -0.0339
0.0636 0.0411 -0.0355
0.0636 0.0417 -0.0394
0.0644 0.0419 -0.0456
0.0646 0.0431 -0.0491
0.0646 0.0445 -0.0518
0.0646 0.0460 -0.0541
0.0648 0.0473 -0.0562
0.0655 0.0488 -0.0580
0.0669 0.0505 -0.0596
0.0676 0.0517 -0.0613
0.0681 0.0528 -0.0632
0.0685 0.0537 -0.0650
0.0687 0.0544 -0.0665
0.0682 0.0572 -0.0686
0.0669 0.0619 -0.0713
0.0664 0.0632 -0.0720
0.0660 0.0635 -0.0722
0.0657 0.0635 -0.0722
0.0653 0.0634 -0.0724
0.0647 0.0634 -0.0726
0.0632 0.0648 -0.0723
0.0624 0.0649 -0.0720
0.0618 0.0646 -0.0718
0.0613 0.0641 -0.0715
0.0610 0.0636 -0.0714
0.0606 0.0632 -0.0715
0.0600 0.0656 -0.0739
0.0596 0.0659 -0.0746
0.0594 0.0655 -0.0744
0.0593 0.0648 -0.0740
0.0593 0.0640 -0.0735
0.0593 0.0638 -0.0732
0.0593 0.0645 -0.0734
0.0593 0.0644 -0.0732
0.0594 0.0640 -0.0731
0.0596 0.0636 -0.0729
0.0600 0.0632 -0.0727
0.0604 0.0633 -0.0730
0.0609 0.0640 -0.0739
0.0613 0.0641 -0.0741
0.0617 0.0639 -0.0741
0.0621 0.0637 -0.0739
0.0625 0.0634 -0.0737
0.0631 0.0635 -0.0738
0.0638 0.0642 -0.0745
0.0643 0.0640 -0.0743
0.0647 0.0637 -0.0739
0.0652 0.0633 -0.0735
0.0655 0.0631 -0.0733
0.0660 0.0629 -0.0731
0.0666 0.0629 -0.0731
0.0670 0.0627 -0.0729
0.0673 0.0625 -0.0727
0.0674 0.0623 -0.0725
0.0676 0.0621 -0.0722
0.0678 0.0620 -0.0719
0.0680 0.0621 -0.0716
0.0682 0.0620 -0.0714
0.0683 0.0620 -0.0713
0.0684 0.0619 -0.0712
0.0684 0.0618 -0.0711
0.0685 0.0616 -0.0708
0.0686 0.0614 -0.0705
0.0687 0.0612 -0.0702
0.0688 0.0611 -0.0701
0.0688 0.0610 -0.0700
0.0689 0.0610 -0.0699
0.0689 0.0605 -0.0693
0.0690 0.0595 -0.0681
0.0691 0.0591 -0.0678
0.0692 0.0590 -0.0677
0.0693 0.0590 -0.0677
0.0693 0.0590 -0.0677
0.0695 0.0591 -0.0678
0.0696 0.0595 -0.0681
0.0698 0.0596 -0.0682
0.0699 0.0596 -0.0683
0.0701 0.0596 -0.0683
0.0702 0.0597 -0.0683
0.0702 0.0597 -0.0682
0.0702 0.0599 -0.0681
0.0702 0.0600 -0.0680
0.0703 0.0601 -0.0680
0.0703 0.0602 -0.0680
0.0704 0.0603 -0.0681
0.0705 0.0603 -0.0682
0.0705 0.0601 -0.0681
0.0706 0.0601 -0.0682
0.0707 0.0601 -0.0682
0.0708 0.0601 -0.0682
0.0709 0.0602 -0.0683
0.0710 0.0603 -0.0684
0.0707 0.0607 -0.0689
0.0706 0.0609 -0.0691
0.0706 0.0610 -0.0693
0.0706 0.0610 -0.0694
0.0706 0.0610 -0.0694
0.0707 0.0609 -0.0694
0.0707 0.0609 -0.0694
0.0707 0.0608 -0.0694
0.0707 0.0608 -0.0694
0.0707 0.0608 -0.0695
0.0707 0.0609 -0.0696
0.0710 0.0609 -0.0698
0.0716 0.0611 -0.0701
0.0717 0.0612 -0.0702
0.0717 0.0612 -0.0703
0.0717 0.0613 -0.0704
0.0717 0.0614 -0.0706
0.0716 0.0615 -0.0707
0.0713 0.0615 -0.0706
0.0712 0.0614 -0.0705
0.0712 0.0613 -0.0705
0.0711 0.0612 -0.0705
0.0710 0.0612 -0.0707
0.0709 0.0612 -0.0708
0.0709 0.0610 -0.0707
0.0709 0.0609 -0.0708
0.0710 0.0608 -0.0709
0.0711 0.0607 -0.0709
0.0712 0.0607 -0.0709
0.0713 0.0607 -0.0710
0.0714 0.0608 -0.0708
0.0714 0.0609 -0.0708
0.0715 0.0610 -0.0708
0.0715 0.0611 -0.0708
0.0716 0.0613 -0.0709
0.0716 0.0614 -0.0710
0.0713 0.0616 -0.0710
0.0713 0.0617 -0.0711
0.0712 0.0618 -0.0711
0.0712 0.0619 -0.0712
0.0712 0.0620 -0.0713
0.0712 0.0621 -0.0713
0.0714 0.0621 -0.0715
0.0714 0.0622 -0.0715
0.0715 0.0621 -0.0716
0.0715 0.0621 -0.0716
0.0716 0.0621 -0.0716
0.0716 0.0621 -0.0716
0.0716 0.0621 -0.0715
0.0716 0.0621 -0.0714
0.0716 0.0622 -0.0714
0.0717 0.0623 -0.0715
0.0718 0.0624 -0.0715
0.0718 0.0625 -0.0716
0.0718 0.0626 -0.0717

