0.0070 -0.0146 -0.0405
-0.0068 -0.0129 -0.0282
-0.0548 -0.0350 0.0007
-0.0872 -0.0224 -0.0026
-0.0814 0.0224 -0.0134
0.0024 0.0559 0.0147
0.0553 0.0232 0.0191
0.0543 0.0198 0.0158
0.0224 0.0005 0.0043
-0.0248 0.0098 -0.0194
-0.0317 0.0143 -0.0147
-0.0005 0.0091 -0.0038
0.0281 0.0066 -0.0147
0.0303 0.0138 -0.0172
0.0114 0.0070 0.0048
0.0230 -0.0166 0.0190
0.0169 -0.0210 0.0122
0.0150 -0.0024 0.0142
0.0351 0.0148 0.0169
0.0506 0.0183 0.0187
0.0338 0.0164 0.0083
-0.0031 0.0194 0.0053
0.0021 -0.0087 0.0122
0.0366 -0.0125 0.0058
0.0373 0.0077 0.0053
0.0350 0.0150 0.0027
0.0233 -0.0038 0.0023
0.0206 0.0163 0.0066
0.0236 0.0207 0.0125
0.0217 0.0150 0.0205
-0.0127 0.0109 0.0088
-0.0199 0.0207 0.0125
0.0265 0.0267 0.0148
0.0541 0.0352 0.0079
0.0602 0.0181 -0.0018
0.0228 0.0370 -0.0022
0.0122 0.0243 0.0122
0.0310 0.0010 0.0042
0.0537 -0.0118 -0.0047
0.0494 -0.0066 -0.0023
0.0081 -0.0032 0.0041
-0.0091 0.0201 0.0033
0.0052 0.0258 0.0057
0.0506 0.0080 0.0059
0.0360 0.0002 -0.0051
0.0205 -0.0019 0.0020
0.0149 0.0258 -0.0046
0.0811 0.0872 -0.0041
0.1483 0.0450 -0.0395
0.1458 -0.0364 -0.0120
0.0166 -0.0334 0.0223
-0.0512 -0.0289 0.0294
-0.0624 0.0190 0.0440
0.0541 -0.0373 -0.0346
0.0791 -0.0124 -0.0409
-0.0383 0.0170 0.0146
0.0273 -0.0287 0.0129
0.0336 -0.0199 0.0005
0.0155 0.0254 0.0033
0.0246 0.0208 0.0190
0.0363 0.0054 0.0153
0.0324 -0.0218 0.0142
-0.0040 -0.0087 0.0092
-0.0034 0.0237 0.0083
0.0302 0.0119 0.0047
0.0198 -0.0117 0.0052
-0.0018 -0.0054 0.0075
-0.0340 0.0231 0.0109
0.0006 0.0455 0.0049
0.0172 0.0417 0.0062
0.0420 0.0217 0.0087
0.0399 0.0036 0.0019
0.0216 0.0099 0.0025
-0.0280 0.0204 0.0085
0.0045 0.0199 0.0128
0.0237 0.0155 0.0107
0.0523 0.0009 0.0133
0.0175 0.0089 0.0140
-0.0077 0.0160 0.0148
-0.0208 0.0043 0.0096
0.0121 0.0124 0.0125
0.0246 0.0094 0.0129
0.0202 0.0106 0.0139
-0.0111 -0.0009 0.0039
-0.0208 0.0032 0.0079
-0.0049 0.0280 -0.0027
-0.0007 0.0256 -0.0073
0.0116 0.0122 -0.0019
0.0174 0.0146 -0.0030
0.0098 0.0117 -0.0008
-0.0179 0.0148 0.0001
-0.0174 0.0307 -0.0046
-0.0204 0.0385 -0.0046
-0.0100 0.0519 -0.0004
0.0004 0.0153 0.0057
-0.0044 -0.0061 0.0079
-0.0030 0.0166 0.0099
0.0148 0.0371 0.0139
0.0148 0.0312 0.0154
0.0181 -0.0008 0.0071
-0.0121 -0.0181 0.0030
-0.0277 -0.0151 0.0146
-0.0141 -0.0005 0.0112
0.0174 0.0002 -0.0050
0.0070 -0.0039 -0.0024
0.0046 0.0035 0.0153
0.0250 0.0070 0.0219
0.0270 0.0011 0.0233
0.0138 0.0093 0.0185
-0.0045 0.0234 0.0141
-0.0005 0.0258 0.0089
0.0062 0.0035 0.0112
-0.0107 0.0084 0.0154
-0.0237 0.0222 0.0005
-0.0329 0.0291 -0.0068
-0.0210 0.0302 -0.0103
-0.0062 0.0246 -0.0229
-0.0163 0.0317 -0.0063
-0.0257 0.0300 0.0027
-0.0540 0.0389 0.0083
-0.0588 0.0435 0.0047
-0.0443 0.0495 0.0010
-0.0300 0.0394 0.0068
-0.0386 0.0494 0.0233
-0.0348 0.0468 0.0290
-0.0104 0.0457 0.0326
0.0124 0.0325 0.0262
0.0054 0.0289 0.0265
-0.0198 0.0334 0.0281
-0.0647 0.0318 0.0194
-0.0896 0.0086 0.0171
-0.1031 -0.0044 0.0268
-0.0985 -0.0168 0.0322
-0.1019 -0.0405 0.0549
-0.1353 -0.0756 0.0480
-0.2085 -0.0451 0.0238
-0.2408 -0.0134 0.0253
-0.2859 0.0295 0.0380
-0.4268 0.0650 0.1120
-0.5310 0.0701 0.1114
-0.7390 0.0118 0.0839
-0.9393 -0.0852 0.0414
-1.0791 -0.1284 0.0413
-1.3805 -0.0840 0.0966
-1.5347 0.0391 0.1447
-1.6678 -0.6971 0.0965
-1.8573 -1.3206 0.0244
-1.8465 -1.1834 0.0531
-1.5925 -0.6318 0.2275
-1.6350 -0.1542 0.3708
-1.7259 -0.1116 0.4118
-1.8992 0.1780 0.4757
-2.0917 0.5575 0.6562
-2.1124 1.0005 0.7242
-1.9058 2.1378 0.6090
-1.6612 2.7073 0.4600
-1.5213 2.1480 0.3224
-1.1777 1.1685 0.0427
-1.0053 0.8752 -0.2667
-1.0150 0.9219 -0.3682
-1.0412 0.9290 -0.3668
-0.9719 0.7255 -0.1324
-0.8441 0.7051 0.0234
-0.6008 0.5780 0.2071
-0.5186 0.1920 0.2892
-0.5742 -0.0076 0.3295
-0.5355 0.0815 0.2938
-0.3698 -0.0263 0.2893
-0.3666 -0.1249 0.2860
-0.5377 -0.4829 0.2582
-0.6859 -0.5648 0.3310
-0.9735 -1.1346 0.1936
-1.0133 -2.1383 0.0226
-0.9766 -1.8948 0.0154
-1.1249 -1.4622 0.0847
-1.2797 -1.5719 0.0508
-1.2769 -1.6015 0.0216
-1.1343 -1.5388 -0.0425
-0.6914 -1.4343 -0.0366
-0.3721 -1.4208 0.0103
0.1917 -0.7944 0.0091
0.1081 0.3720 -0.3347
-0.0350 -0.1452 -0.3719
-0.2045 -1.1549 -0.2859
-0.2827 -0.8334 -0.1463
-0.4094 0.2092 -0.1321
-0.8766 1.2208 -0.0871
-0.8727 0.5427 -0.1405
-0.7899 0.4117 -0.1637
-0.5238 0.6260 -0.2634
-0.1090 0.3536 -0.2504
0.2018 0.1051 -0.1405
0.8226 -0.7413 0.0887
1.1397 -1.8018 0.2015
1.1355 -2.1731 0.2301
-1.1516 -1.0586 0.1883
-1.8610 -0.0674 0.2034
0.1568 0.5944 -0.6285
-0.0332 0.0482 0.1774
0.0279 0.3985 0.1797
0.0187 0.7157 0.0529
0.0262 0.7076 0.0883
0.0198 1.1937 0.0717
0.0082 1.3163 0.0284
0.0145 1.1015 -0.0121
0.0112 1.2441 -0.0125
0.0060 1.2701 -0.1136
0.0075 1.0667 -0.1936
0.0082 0.9985 -0.1750
0.0148 1.3067 -0.1060
0.0708 0.6287 -0.0470
0.0063 -0.0228 -0.1190
0.0159 0.0214 -0.1904
0.0170 0.0096 0.0047
0.0145 0.0061 0.0052
0.0156 0.0102 0.0056
0.0149 0.0059 0.0071
0.0159 0.0091 0.0073
0.0155 0.0082 0.0064
0.0139 0.0067 0.0037
0.0145 0.0084 0.0053
0.0150 0.0064 0.0054
0.0156 0.0077 0.0046
0.0142 0.0089 0.0020
0.0144 0.0074 0.0045
0.0147 0.0099 0.0056
0.0155 0.0086 0.0058
0.0162 0.0085 0.0045
0.0162 0.0076 0.0050
0.0151 0.0074 0.0050
0.0142 0.0071 0.0055
0.0125 0.0063 0.0035
0.0155 0.0063 0.0061
0.0152 0.0090 0.0058
0.0135 0.0084 0.0046
0.0144 0.0059 0.0034
0.0150 0.0064 0.0040
0.0134 0.0079 0.0042
0.0144 0.0094 0.0050
0.0149 0.0109 0.0080
0.0127 0.0050 0.0038
0.0159 0.0079 0.0040
0.0144 0.0060 0.0036
0.0161 0.0069 0.0034
0.0142 0.0084 0.0042
0.0134 0.0089 0.0050
0.0124 0.0068 0.0037
0.0149 0.0068 0.0060
0.0173 0.0081 0.0037
0.0143 0.0075 0.0069
0.0139 0.0097 0.0049
0.0124 0.0065 0.0058
0.0143 0.0080 0.0038
0.0137 0.0084 0.0054
0.0160 0.0053 0.0028
0.0152 0.0059 0.0055
0.0131 0.0083 0.0039
0.0168 0.0054 0.0050
0.0144 0.0089 0.0059
0.0149 0.0081 0.0044
0.0155 0.0089 0.0046
0.0157 0.0078 0.0076
0.0125 0.0082 0.0063
0.0144 0.0077 0.0062
0.0144 0.0079 0.0052
0.0140 0.0071 0.0067
0.0156 0.0086 0.0065
0.0173 0.0057 0.0051
0.0158 0.0072 0.0032
0.0136 0.0063 0.0046
0.0137 0.0071 0.0054
0.0148 0.0074 0.0080
0.0151 0.0090 0.0046
0.0150 0.0070 0.0059
0.0155 0.0085 0.0024
0.0127 0.0081 0.0068
0.0153 0.0092 0.0043
0.0149 0.0077 0.0058
0.0156 0.0087 0.0043
0.0134 0.0092 0.0059
0.0163 0.0100 0.0055
0.0146 0.0069 0.0070
0.0135 0.0085 0.0047
0.0152 0.0076 0.0041
0.0146 0.0087 0.0073
0.0151 0.0081 0.0038
0.0122 0.0062 0.0054
0.0152 0.0060 0.0028
0.0141 0.0084 0.0046
0.0154 0.0071 0.0046
0.0145 0.0079 0.0033
0.0148 0.0091 0.0067
0.0148 0.0068 0.0044
0.0146 0.0091 0.0056
0.0138 0.0072 0.0049
0.0149 0.0039 0.0026
0.0134 0.0063 0.0042
0.0156 0.0071 0.0042
0.0139 0.0077 0.0064
0.0135 0.0051 0.0042
0.0156 0.0072 0.0032
0.0141 0.0054 0.0080
0.0134 0.0055 0.0044
0.0140 0.0060 0.0052
0.0125 0.0084 0.0056
0.0153 0.0088 0.0056
0.0138 0.0065 0.0037
0.0164 0.0082 0.0050
0.0153 0.0045 0.0034
0.0124 0.0077 0.0051
0.0149 0.0090 0.0043
0.0144 0.0090 0.0047
0.0131 0.0078 0.0064
0.0150 0.0091 0.0072
0.0153 0.0084 0.0026
0.0136 0.0116 0.0021
0.0138 0.0053 0.0062
0.0166 0.0089 0.0051
0.0133 0.0061 0.0058
0.0154 0.0072 0.0049
0.0162 0.0051 0.0041
0.0161 0.0061 0.0079
0.0144 0.0079 0.0058
0.0170 0.0137 0.0187
0.0155 0.0163 0.0659
0.0139 0.0182 0.0364
0.0155 0.0389 0.0241
0.0119 0.0476 0.0550
0.0160 0.0936 0.0547
-0.0027 0.3386 0.0437
-0.0029 0.5348 0.1647
-0.3037 0.1229 0.5934
-0.1846 0.8742 0.9493
-0.2824 1.3230 1.0107
-0.4122 2.5680 0.9819
-0.4821 3.6074 0.9053
-0.5688 3.6437 0.7867
-0.4185 2.9906 0.6626
-0.4944 1.5772 0.4754
-0.4955 1.1502 0.6491
-0.5706 0.3286 0.9149
-0.5785 -0.0887 0.9531
-0.4458 -0.8658 0.8917
-0.1626 -1.4466 0.6242
-0.0274 -1.3445 0.3821
-0.0110 -1.0728 -0.1269
0.2547 -1.6200 -1.7406
0.4441 -1.8367 -2.5211
0.5230 -1.6035 -2.8578
0.2694 -1.0182 -2.5544
0.0823 -0.8983 -2.3436
-0.2236 -0.9272 -1.8749
-0.4693 -0.7310 -1.5142
-0.5545 -0.5592 -1.4725
-0.8127 -0.2440 -1.7023
-0.9528 0.0760 -2.2877
-0.7756 -0.3694 -2.5597
0.6097 -2.8806 -0.3694
1.9771 -2.4500 1.0930
2.1780 -1.1267 1.0327
2.4063 0.4020 1.1173
2.6823 1.1887 0.8000
2.8016 1.1127 0.7330
2.9506 0.6066 0.4996
3.3570 0.6408 0.4481
3.4967 0.7745 0.4053
3.5333 1.0719 0.2431
3.4937 1.0217 0.2196
3.2476 0.6575 0.1503
3.1422 0.3073 0.1947
3.0383 0.1885 0.1659
2.7523 0.1262 -0.2771
2.1924 0.0944 -0.5116
1.8540 0.1687 -0.3065
1.2831 0.0712 0.1673
1.0930 -0.5923 0.4133
1.1073 -0.9964 0.4524
1.1513 -1.4930 0.5506
1.1017 -1.3898 0.5940
1.1604 -1.4001 0.6921
1.5580 -0.6811 0.9083
1.7465 -0.1595 0.7958
1.5834 0.0081 0.7081
0.8046 0.1817 0.3629
0.3281 0.0098 0.2753
0.2987 0.0391 0.2260
0.3270 0.0439 0.0113
0.5114 0.1782 -0.0491
0.6446 0.2436 -0.0633
0.8419 0.1019 0.0256
0.9096 -0.2398 0.1244
0.8841 -0.3099 0.0904
0.7640 -0.1553 -0.0195
0.6103 -0.0330 -0.0779
0.5359 0.0682 -0.0876
0.4822 0.1008 -0.1280
0.5584 0.1248 -0.1575
0.8086 0.1987 -0.2501
0.8013 0.1004 -0.2537
0.6658 0.1031 -0.2043
0.2406 0.1526 -0.0823
-0.1702 0.1235 -0.0075
-0.2622 0.1705 -0.0081
-0.2796 0.1107 0.0137
-0.1164 0.0439 0.0728
-0.0074 -0.3339 0.1007
0.1535 -0.4787 0.1833
0.0546 -0.2285 0.1985
-0.0527 -0.1004 0.1974
-0.2174 0.0478 0.2057
-0.1110 0.2266 0.1419
-0.0180 0.1801 0.1026
0.0974 -0.0050 0.1002
0.0352 0.0118 0.1433
-0.0703 0.0568 0.1619
-0.3209 0.0392 0.1262
-0.3950 -0.0351 0.0246
-0.3630 -0.0467 -0.0089
-0.2464 -0.0945 -0.0145
-0.2681 -0.2982 -0.0285
-0.2619 -0.2640 -0.0331
-0.2028 -0.1159 -0.0851
-0.1270 -0.0413 -0.0843
-0.1266 -0.0008 -0.0805
-0.1595 0.0484 -0.0656
-0.1711 0.0415 -0.0690
-0.0974 0.0085 -0.0672
-0.0119 -0.0830 -0.1015
-0.0242 -0.0993 -0.1073
-0.0950 -0.0595 -0.0841
-0.1655 0.0715 -0.0785
-0.1929 0.1509 -0.0839
-0.2152 0.1505 -0.0881
-0.1897 0.1252 -0.0882
-0.1488 0.1072 -0.0872
-0.0615 0.0517 -0.0933
-0.0279 0.0331 -0.0744
-0.0361 0.0334 -0.0561
-0.0657 0.0708 -0.0418
-0.0916 0.0500 -0.0291
-0.0829 0.0415 -0.0305
-0.0420 0.0607 -0.0414
-0.0142 0.0623 -0.0385
-0.0148 0.0603 -0.0393
-0.0235 0.1148 -0.0449
-0.0140 0.0646 -0.0340
-0.0178 0.0407 -0.0331
-0.0474 0.0480 -0.0136
-0.0673 0.0521 -0.0105
-0.0673 0.0561 -0.0170
-0.0646 0.0443 -0.0232
-0.0300 0.0193 -0.0015
-0.0028 0.0340 -0.0030
0.0068 0.0512 -0.0124
-0.0349 0.0365 -0.0027
-0.0329 0.0388 -0.0089
0.0019 0.0310 -0.0197
0.0163 0.0381 -0.0186
0.0171 0.0204 -0.0048
-0.0060 0.0294 -0.0131
-0.0149 0.0371 -0.0145
-0.0153 0.0121 -0.0162
0.0024 0.0118 -0.0269
0.0075 0.0156 -0.0371
-0.0053 -0.0036 -0.0306
-0.0008 0.0013 -0.0088
0.0141 0.0169 0.0027
0.0086 -0.0129 0.0089
0.0026 -0.0212 0.0065
0.0144 0.0010 -0.0041
0.0590 0.0028 -0.0112
0.0656 0.0148 -0.0015
0.0552 0.0229 0.0021
0.0347 0.0104 -0.0064
-0.0029 0.0143 -0.0142
-0.0097 0.0297 -0.0238
0.0186 0.0170 -0.0283
0.0438 0.0250 -0.0214
0.0462 0.0362 -0.0115
0.0509 0.0192 0.0048
0.0465 0.0044 0.0045
0.0382 -0.0281 0.0046
0.0339 0.0093 -0.0124
0.0231 0.0313 -0.0006
0.0128 0.0359 0.0120
-0.0224 0.0309 0.0301
-0.0278 0.0011 0.0306
-0.0156 -0.0334 0.0087
0.0351 0.0138 -0.0121
0.0647 0.0237 -0.0183
0.0774 0.0137 -0.0113
0.0170 -0.0009 0.0004
-0.0023 -0.0205 -0.0022
-0.0032 -0.0216 -0.0076
0.0703 -0.0421 -0.0055
0.1024 -0.0235 0.0023
0.1191 -0.0228 -0.0083
0.0573 -0.0392 -0.0210
-0.0036 0.0209 -0.0148
-0.0692 0.1112 0.0117
-0.0142 0.0068 0.0424
0.0039 -0.0522 0.0410
-0.0005 -0.0507 0.0203
0.0021 0.0581 -0.0036
0.0249 0.0697 -0.0079
0.0361 0.0525 -0.0119
-0.0313 -0.0004 -0.0113
-0.0394 0.0081 -0.0055
0.0208 0.0088 -0.0192
0.0509 -0.0047 -0.0244
0.0481 0.0001 -0.0122
0.0405 0.0379 -0.0051
0.0455 0.0303 -0.0006
0.0529 0.0038 0.0127
0.0486 0.0177 0.0002
0.0431 0.0124 -0.0031
0.0276 0.0100 -0.0007
0.0250 0.0051 0.0004
0.0233 0.0080 0.0122
0.0263 0.0194 0.0113
0.0207 0.0042 0.0093
0.0212 0.0020 0.0032
0.0172 0.0216 -0.0120
-0.0013 0.0021 -0.0019
0.0041 -0.0059 -0.0045
0.0243 -0.0055 -0.0056
0.0380 0.0247 0.0024
0.0332 0.0283 0.0103
0.0147 -0.0129 0.0149
0.0329 -0.0249 0.0013
0.0500 -0.0182 -0.0012
0.0684 -0.0056 0.0026
0.0697 -0.0115 0.0061
0.0689 -0.0133 0.0079
0.0414 -0.0004 -0.0055
-0.0170 -0.0060 0.0101
-0.0308 0.0087 0.0042
-0.0033 0.0000 -0.0136
0.0258 -0.0049 -0.0228

