0.0000 0.0000 0.0000
0.0000 0.0000 0.0000
0.0000 0.0000 0.0000
0.0000 0.0000 0.0000
0.0000 0.0000 0.0000
0.0000 0.0000 0.0000
0.0000 0.0000 0.0000
0.0000 0.0000 0.0000
0.3837 0.1571 0.0271
0.3423 0.0851 0.0033
0.3293 0.0864 -0.0706
0.3936 0.0676 -0.1660
0.4085 -0.0083 -0.2059
0.4318 -0.0902 -0.2655
0.4318 -0.0902 -0.2655
0.4318 -0.0902 -0.2655
0.5265 -0.0719 -0.2908
0.3522 0.0819 -0.3662
0.3508 0.1230 -0.3502
0.3907 0.0304 -0.2591
0.3843 -0.0211 -0.1908
0.2811 -0.1102 -0.0951
0.1390 -0.0560 -0.0842
0.0422 0.0366 -0.0767
-0.1042 0.1997 -0.0499
-0.1117 0.2014 -0.0393
-0.0489 0.0734 -0.0082
0.0283 0.0070 0.0303
0.0466 -0.0240 0.0309
0.0348 -0.0533 0.0566
0.0677 0.0017 0.1072
0.1490 -0.1055 0.3471
0.1847 -1.3779 0.8397
-0.1509 -0.8798 0.5542
-0.2093 -0.8417 0.3993
0.0105 -0.8715 0.2538
0.3163 -0.7228 0.1007
0.3607 -0.7418 0.1257
0.2825 -0.6436 0.0736
0.1215 -0.4459 -0.0684
0.0219 -0.4066 -0.0506
-0.0707 -0.2662 0.0023
0.0046 -0.0810 -0.0390
0.0909 -0.0396 -0.0718
0.2099 -0.2116 -0.0206
0.2516 -0.4082 0.0663
0.2739 -0.4388 0.1086
0.2914 -0.3738 0.1571
0.2805 -0.3491 0.1506
0.3495 -0.4024 0.1268
0.4057 -0.3113 0.0358
0.3764 -0.2428 0.0085
0.1038 0.0563 0.0595
0.0223 0.0796 0.0911
-0.0455 0.0603 0.1271
-0.0455 0.0603 0.1271
-0.2169 0.3524 0.0129
-0.0153 0.2976 -0.0452
-0.0836 0.2510 -0.0315
-0.3122 0.3739 -0.0221
-0.5037 0.6940 -0.0412
-0.6348 0.8708 -0.0812
-0.8433 1.1902 -0.2223
-0.7934 1.2698 -0.4391
-0.7095 1.2070 -0.5408
-0.6042 1.1414 -0.7032
-0.5770 1.3114 -0.8035
-0.5755 1.4128 -0.8204
-0.5891 1.4591 -0.7344
-0.5611 1.2906 -0.5544
-0.4750 1.0945 -0.4527
-0.0971 0.6018 -0.3221
0.2321 0.4178 -0.2451
0.2837 0.3886 -0.2087
0.1635 0.3094 -0.0726
0.0438 0.2813 0.0201
0.0247 0.2578 -0.0036
0.0022 0.2665 -0.0657
-0.0951 0.2059 -0.0731
-0.1189 0.2167 -0.0957
-0.0628 0.2101 -0.1492
0.0319 0.1026 -0.1541
0.0612 0.0774 -0.1212
0.1247 0.0597 -0.0622
0.1388 0.0278 -0.0497
0.1680 0.0534 -0.0562
0.2028 0.0522 -0.0289
0.2304 -0.0057 -0.0244
0.3028 -0.0451 -0.0415
0.3037 -0.0636 -0.0215
0.2915 -0.0714 0.0255
0.3355 -0.0866 0.0686
0.3422 -0.0606 0.0476
0.2974 -0.0542 0.0285
0.1776 -0.0290 -0.0474
0.0798 0.0694 -0.0702
0.0682 0.0967 -0.0887
0.0977 0.0932 -0.1129
0.1183 0.0396 -0.1316
0.1286 -0.0060 -0.1271
0.1472 -0.0143 -0.1064
0.1150 0.0612 -0.0703
0.1007 0.0998 -0.0344
0.1205 0.0934 0.0305
0.1695 0.0761 0.0742
0.1804 0.0331 0.0770
0.1287 -0.0742 0.0628
0.0626 -0.0689 0.0414
0.1398 -0.0024 0.0513
0.1691 -0.0093 0.0743
0.1707 -0.0638 0.0751
0.1422 -0.1225 0.0696
0.1435 -0.1627 0.0605
0.1591 -0.3039 0.0181
0.1494 -0.2394 -0.0535
0.1336 -0.1961 -0.0494
0.0976 -0.1122 -0.0256
0.0770 -0.0554 0.0003
0.0454 -0.0484 -0.0210
-0.0566 0.0750 -0.0477
-0.0955 0.1231 -0.0170
-0.0624 0.0997 -0.0147
-0.0006 0.0399 -0.0187
-0.0039 0.0194 -0.0043
-0.0124 0.0491 -0.0007
-0.0215 0.0595 0.0032
-0.0157 0.0478 0.0263
-0.0006 0.0474 0.0337
0.0146 0.0110 0.0424
0.0097 -0.0158 0.0405
-0.0108 -0.0159 0.0360
-0.0136 -0.0194 0.0305
-0.0006 -0.0318 0.0160
0.0384 -0.0806 0.0027
0.0618 -0.1333 -0.0001
0.0466 -0.1317 0.0005
-0.0081 -0.0936 0.0103
-0.0358 -0.0710 0.0236
-0.0251 -0.0560 0.0356
0.0544 -0.1241 0.0508
0.1271 -0.2309 0.0607
0.1688 -0.2487 0.0714
0.2429 -0.2371 0.0705
0.1926 -0.2099 0.0641
0.1507 -0.1815 0.0365
0.1330 -0.1054 -0.0267
0.2171 -0.1183 -0.0357
0.2490 -0.1508 -0.0324
0.2820 -0.1432 -0.0693
0.2869 -0.0525 -0.1219
0.3115 0.0711 -0.1494
0.2931 0.0429 -0.1459
0.2627 0.0076 -0.1314
0.2461 -0.0073 -0.1143
0.2224 0.0226 -0.1059
0.1729 0.0523 -0.0911
0.1321 0.0738 -0.0745
0.0829 0.0691 -0.0782
0.0756 0.0549 -0.0740
0.0840 0.0313 -0.0608
0.0678 -0.0003 -0.0482
0.0338 0.0515 -0.0412
0.0182 0.0757 -0.0274
0.0256 0.0540 -0.0050
0.0462 0.0346 -0.0056
0.0560 -0.0467 -0.0467
0.0151 -0.0771 -0.0497
-0.0102 -0.0582 -0.0435
-0.0353 0.0013 -0.0433
0.0198 0.0077 -0.0302
0.0636 -0.0062 -0.0165
0.1377 -0.0755 -0.0013
0.1163 -0.0471 0.0027
0.0939 -0.0098 0.0107
0.0780 -0.0482 0.0081
0.0693 -0.0494 -0.0048
0.0414 -0.0691 -0.0379
0.0470 -0.0990 -0.0331
0.0713 -0.1035 -0.0195
0.0928 -0.0804 -0.0060
0.0165 -0.0239 -0.0055
-0.0258 0.0072 -0.0009
-0.0010 -0.1055 -0.0065
0.1107 -0.1158 -0.0403
0.1584 -0.1231 -0.0158
0.1567 -0.1338 0.0342
0.1250 -0.1133 0.0601
0.0041 -0.1125 0.0949
-0.1332 -0.3018 0.2176
-0.1611 -0.3547 0.2373
-0.1180 -0.3785 0.1601
-0.2061 -0.4224 0.1926
-0.2612 -0.4309 0.2365
-0.3574 -0.3032 0.2764
-0.2926 -0.1739 0.2055
-0.1800 -0.1469 0.1179
0.0285 -0.0092 -0.1322
0.0968 0.0752 -0.2847
0.0843 0.1216 -0.3029
0.1236 0.2024 -0.3152
0.1168 0.0669 -0.2052
0.0989 0.0278 -0.1293
0.0308 -0.0317 -0.0434
0.0354 0.0151 -0.0676
0.0905 -0.0206 -0.0828
0.1311 -0.1211 0.0015
0.0480 -0.1548 0.1414
0.0264 -0.1333 0.1554
0.0363 -0.1242 0.0593
0.1164 -0.1406 -0.0118
0.1879 -0.1134 -0.0483
0.2571 -0.0631 -0.0496
0.2529 -0.0499 -0.0082
0.2081 -0.0728 0.0810
0.1694 -0.0948 0.1062
0.1796 -0.1133 0.0939
-0.3272 -0.3538 0.0259
-0.3524 0.2320 0.0286
-0.2401 0.3029 0.0305
0.1053 0.3430 0.0545
0.4790 0.1946 -0.0476
0.4673 0.0623 -0.0642
0.0472 0.1154 0.0527
-0.4607 0.5901 0.1070
-0.2577 0.5339 0.0847
0.1110 0.2502 0.0751
0.1637 0.1241 0.0653
-0.0541 -0.0348 0.0118
-0.3245 0.1180 -0.0382
-0.4267 0.2373 -0.0783
-0.5070 0.4237 -0.1464
-0.4216 0.4826 -0.1970
-0.3346 0.4867 -0.2485
-0.1833 0.4961 -0.2988
-0.1843 0.4565 -0.1882
-0.2500 0.4170 -0.1067
-0.3032 0.2725 -0.0367
-0.0427 0.2376 0.0531
0.0467 0.1646 0.0534
0.1339 0.0377 0.0647
0.0438 -0.2116 0.1537
0.0755 -0.1469 0.1858
0.0867 -0.1611 0.1056
0.0745 -0.0164 0.0015
0.0847 0.0148 -0.0004
0.1131 -0.0367 -0.0028
0.2334 -0.1327 -0.0266
0.3353 -0.2261 0.0026
0.3720 -0.2297 0.0152
0.3776 -0.2327 0.0219
0.2619 -0.1725 0.0973
0.2040 -0.2334 0.1288
0.2148 -0.2371 0.0758
0.2587 -0.1784 0.0522
0.3443 -0.1005 0.0425
0.3292 0.0477 0.0494
0.2708 0.1344 0.0645
0.1345 0.1535 0.0784
0.0964 0.0992 0.0492
0.1059 0.0723 0.0242
0.1144 0.0148 0.0020
0.0887 0.0250 0.0122
0.0678 0.0562 0.0152
0.0895 0.0764 0.0139
0.1238 0.0348 0.0291
0.1281 0.0082 0.0253
0.1364 -0.0240 -0.0101
0.1393 -0.0432 -0.0273
0.1122 0.0041 -0.0326
0.0548 0.0753 0.0088
0.0393 0.0756 0.0264
0.0453 0.0478 0.0129
0.0601 0.0319 -0.0029
0.0599 0.0312 -0.0144
0.0971 0.0375 -0.0018
0.1455 0.0006 0.0316
0.1297 -0.0275 0.0386
0.0787 -0.0502 0.0383
0.0508 -0.0210 0.0451
0.0642 -0.0156 0.0590
0.1172 -0.0661 0.0618
0.0922 -0.1043 0.0423
0.0702 -0.0906 0.0450
0.0722 -0.0391 0.0410
0.0833 -0.0506 0.0248
0.0864 -0.0461 0.0203
0.1049 -0.0031 0.0056
0.1168 0.0075 0.0133
0.0973 -0.0060 0.0132
0.0176 -0.0235 -0.0054
-0.0251 0.0013 -0.0153
-0.0190 0.0127 -0.0155
0.0220 -0.0010 -0.0108
0.0326 -0.0202 -0.0144
-0.0060 -0.0135 -0.0215
-0.0577 0.0136 -0.0033
-0.0485 0.0238 0.0050
0.0147 -0.0359 -0.0006
0.0430 -0.0572 0.0062
0.0279 -0.0426 0.0123
-0.0232 0.0201 0.0284
-0.0352 0.0242 0.0259
-0.0246 0.0118 0.0224
0.0092 0.0028 0.0097
0.0469 0.0048 0.0115
0.0481 0.0041 0.0122
0.0279 0.0061 0.0107
-0.0036 0.0326 0.0064
-0.0146 0.0378 0.0043
-0.0183 0.0195 0.0035
0.0033 -0.0123 -0.0008
0.0132 -0.0036 -0.0088
0.0022 0.0155 -0.0013
-0.0203 0.0128 0.0204
-0.0178 0.0148 0.0197
0.0069 -0.0052 0.0127
0.0200 0.0079 0.0116
0.0276 0.0205 0.0145
0.0238 0.0374 0.0162
0.0054 0.0122 0.0130
-0.0037 0.0127 0.0117
-0.0213 0.0115 0.0084
-0.0211 0.0236 0.0143
-0.0109 0.0347 0.0080
-0.0123 0.0295 0.0002
-0.0032 0.0198 0.0007
0.0198 0.0196 0.0070
0.0342 0.0043 0.0152
0.0298 -0.0225 0.0136
-0.0147 -0.0317 -0.0122
-0.0279 -0.0215 -0.0075
-0.0073 -0.0069 0.0047
0.0478 0.0147 0.0117
0.0618 -0.0304 -0.0125
0.0510 -0.0427 -0.0181
-0.0030 -0.0238 -0.0135
0.0114 0.0061 0.0165
0.0266 -0.0019 0.0233
0.0156 -0.0261 0.0166
-0.0235 -0.0081 0.0103
-0.0217 -0.0002 0.0015
0.0125 -0.0033 -0.0060
0.0265 -0.0090 -0.0049
0.0200 0.0106 0.0016
0.0163 0.0005 0.0112
0.0532 -0.0289 0.0055
0.0681 -0.0347 -0.0029
0.0595 -0.0336 0.0000
0.0492 -0.0049 0.0033
0.0515 0.0024 0.0084
0.0566 -0.0175 0.0233
0.0766 -0.0181 0.0209
0.0390 -0.0001 0.0086
0.0122 0.0018 0.0086
-0.0092 0.0201 0.0079
0.0345 0.0329 0.0018
0.0665 0.0210 -0.0067
0.0539 0.0218 -0.0150
-0.0178 0.0446 -0.0092
-0.0309 0.0378 -0.0069
0.0167 -0.0032 -0.0028
0.0667 -0.0032 0.0011
0.0669 0.0197 -0.0026
0.0262 0.0254 -0.0114
0.0137 0.0087 0.0056
0.0218 0.0026 0.0132
0.0340 0.0023 0.0072
-0.0052 0.0321 -0.0131
-0.0241 0.0444 0.0100
-0.0274 0.0617 0.0283
0.0011 0.0457 0.0324
0.0428 -0.0016 0.0260
0.0195 -0.0551 -0.0264
-0.0498 0.0144 0.0036
-0.0617 0.0315 0.0038
-0.0329 0.0302 -0.0153
-0.0162 0.0217 -0.0402
-0.0053 0.0200 -0.0426

