0.0981 -0.2187 0.1646
0.0394 -0.1925 0.2572
0.0337 -0.1963 0.2641
-0.0631 -0.1723 0.5026
-0.0804 -0.1710 0.4737
0.0550 -0.2086 0.1229
0.0344 -0.2004 0.2460
0.1175 -0.1959 0.1275
-0.0958 -0.1558 0.4529
0.0414 -0.1845 0.2596
0.0439 -0.2004 0.2575
-0.0645 -0.1649 0.5117
-0.0168 -0.1979 0.0759
0.0326 -0.1921 0.1109
-0.1394 -0.1452 0.4007
0.0280 -0.2208 0.0656
0.0357 -0.2258 0.1289
-0.0084 -0.0008 0.0399
0.0020 -0.0016 -0.0110
-0.0564 -0.1477 0.4846
-0.0640 -0.1859 0.0715
-0.0220 -0.2263 0.0880
-0.0152 -0.1903 0.0783
0.0447 -0.2369 0.0934
-0.0630 -0.2117 0.0988
-0.0122 -0.2277 0.1084
-0.0175 0.0088 0.0319
0.0156 -0.1855 0.0980
0.0974 -0.1631 0.1599
0.0211 -0.2380 0.1400
0.0292 -0.2490 0.0785
0.1366 -0.2062 0.1681
0.1016 -0.0648 0.1788
0.0880 -0.2025 0.1518
0.1519 -0.2066 0.1755
0.0348 -0.2069 0.2535
0.0257 -0.1990 0.2606
0.0165 -0.2092 0.1121
0.0388 -0.2047 0.0782
-0.0280 -0.1848 0.0924
0.0066 0.0122 -0.0058
-0.0082 -0.2042 0.1135
-0.0764 -0.2315 0.0887

