0.0000 0.0000 0.0000
0.0000 0.0000 0.0000
0.0000 0.0000 0.0000
0.0000 0.0000 0.0000
0.0000 0.0000 0.0000
0.0000 0.0000 0.0000
0.1628 -0.3835 -0.9165
0.1601 -0.3871 -0.9248
0.1596 -0.3913 -0.9182
0.1610 -0.3913 -0.9110
0.1630 -0.3934 -0.9087
0.1506 -0.3948 -0.8933
0.1397 -0.3909 -0.8867
0.1288 -0.3879 -0.8848
0.1285 -0.3847 -0.8863
0.1285 -0.3847 -0.8863
0.1369 -0.3793 -0.8851
0.1374 -0.3937 -0.8900
0.1371 -0.4007 -0.8856
0.1520 -0.3959 -0.8900
0.1520 -0.3959 -0.8900
0.1631 -0.3981 -0.9066
0.1594 -0.3990 -0.8909
0.1547 -0.4096 -0.8979
0.1424 -0.4103 -0.8936
0.1391 -0.4066 -0.8946
0.1391 -0.4066 -0.8946
0.1331 -0.4128 -0.8908
0.1313 -0.4202 -0.8772
0.1230 -0.4282 -0.8741
0.1171 -0.4348 -0.8705
0.1214 -0.4252 -0.8655
0.1278 -0.4174 -0.8520
0.1705 -0.4101 -0.8725
0.1829 -0.4246 -0.8658
0.1768 -0.4353 -0.8638
0.1768 -0.4353 -0.8638
0.1620 -0.4380 -0.8676
0.1562 -0.4351 -0.8694
0.1562 -0.4351 -0.8694
0.1539 -0.4334 -0.8767
0.1485 -0.4261 -0.8898
0.1356 -0.4214 -0.8906
0.1250 -0.4162 -0.8935
0.1222 -0.4134 -0.8967
0.1333 -0.4161 -0.8948
0.1436 -0.4086 -0.8995
0.1473 -0.4130 -0.8900
0.1327 -0.4040 -0.8715
0.1251 -0.3988 -0.8639
0.1296 -0.4111 -0.8650
0.1322 -0.4233 -0.8674
0.1366 -0.4218 -0.8681
0.1435 -0.4211 -0.8858
0.1435 -0.4211 -0.8858
0.1552 -0.4162 -0.8895
0.1630 -0.4277 -0.8870
0.1591 -0.4389 -0.8876
0.1574 -0.4331 -0.8925
0.1434 -0.4205 -0.8931
0.1434 -0.4205 -0.8931
0.1346 -0.4235 -0.8897
0.1300 -0.4278 -0.8937
0.1212 -0.4267 -0.8860
0.1193 -0.4210 -0.8681
0.1193 -0.4210 -0.8681
0.1264 -0.4182 -0.8725
0.1328 -0.4070 -0.8747
0.1393 -0.4108 -0.8652
0.1329 -0.4236 -0.8500
0.1335 -0.4224 -0.8669
0.1335 -0.4224 -0.8669
0.1254 -0.4094 -0.8575
0.1306 -0.4055 -0.8664
0.1369 -0.4039 -0.8913
0.1470 -0.4139 -0.9021
0.1513 -0.4247 -0.8983
0.1513 -0.4247 -0.8983
0.1526 -0.4303 -0.9120
0.1433 -0.4432 -0.9075
0.1304 -0.4412 -0.8829
0.1206 -0.4157 -0.8877
0.1230 -0.3862 -0.8912
0.1280 -0.3814 -0.8826
0.1295 -0.4064 -0.8813
0.1261 -0.4166 -0.8850
0.1267 -0.4149 -0.8917
0.1267 -0.4149 -0.8917
0.1275 -0.4099 -0.8885
0.1273 -0.4181 -0.8831
0.1348 -0.4265 -0.8767
0.1398 -0.4415 -0.8739
0.1300 -0.4321 -0.8700
0.1300 -0.4321 -0.8700
0.1286 -0.4225 -0.8749
0.1283 -0.4225 -0.8744
0.1307 -0.4277 -0.8777
0.1250 -0.4295 -0.8788
0.1218 -0.4257 -0.8732
0.1218 -0.4257 -0.8732
0.1162 -0.4211 -0.8707
0.1196 -0.4133 -0.8801
0.1229 -0.4213 -0.8750
0.1230 -0.4249 -0.8839
0.1214 -0.4225 -0.8892
0.1214 -0.4225 -0.8892
0.1265 -0.4216 -0.8903
0.1327 -0.4186 -0.8877
0.1331 -0.4243 -0.8855
0.1308 -0.4355 -0.8803
0.1308 -0.4355 -0.8803
0.1297 -0.4347 -0.8787
0.1322 -0.4274 -0.8701
0.1339 -0.4227 -0.8794
0.1330 -0.4172 -0.8754
0.1293 -0.4200 -0.8704
0.1293 -0.4200 -0.8704
0.1271 -0.4157 -0.8803
0.1256 -0.4131 -0.8902
0.1228 -0.4073 -0.8912
0.1203 -0.4089 -0.8893
0.1173 -0.4214 -0.8846
0.1173 -0.4214 -0.8846
0.1132 -0.4381 -0.8745
0.1101 -0.4373 -0.8698
0.1171 -0.4334 -0.8706
0.1216 -0.4338 -0.8796
0.1202 -0.4317 -0.8779
0.1202 -0.4317 -0.8779
0.1236 -0.4160 -0.8908
0.1367 -0.4110 -0.8951
0.1432 -0.4152 -0.8888
0.1332 -0.4198 -0.8840
0.1258 -0.4213 -0.8730
0.1258 -0.4213 -0.8730
0.1203 -0.4077 -0.8725
0.1268 -0.4128 -0.8797
0.1344 -0.4266 -0.8801
0.1304 -0.4340 -0.8741
0.1304 -0.4340 -0.8741
0.1259 -0.4332 -0.8776
0.1214 -0.4236 -0.8823
0.1293 -0.4215 -0.8909
0.1296 -0.4198 -0.8907
0.1261 -0.4107 -0.8825
0.1261 -0.4107 -0.8825
0.1239 -0.4090 -0.8781
0.1216 -0.4111 -0.8824
0.1172 -0.4164 -0.8840
0.1140 -0.4195 -0.8831
0.1170 -0.4280 -0.8889
0.1170 -0.4280 -0.8889
0.1205 -0.4290 -0.8873
0.1227 -0.4275 -0.8942
0.1207 -0.4312 -0.8891
0.1217 -0.4271 -0.8896
0.1208 -0.4250 -0.8913
0.1208 -0.4250 -0.8913
0.1178 -0.4248 -0.8787
0.1168 -0.4108 -0.8745
0.1172 -0.4117 -0.8803
0.1169 -0.4121 -0.8812
0.1169 -0.4175 -0.8731
0.1169 -0.4175 -0.8731
0.1157 -0.4193 -0.8800
0.1090 -0.4179 -0.8786
0.1073 -0.4270 -0.8638
0.1085 -0.4357 -0.8780
0.1085 -0.4357 -0.8780
0.1092 -0.4216 -0.8898
0.1156 -0.4321 -0.8965
0.1158 -0.4415 -0.9094
0.0999 -0.4430 -0.9172
0.0912 -0.4381 -0.9276
0.0912 -0.4381 -0.9276
0.0934 -0.4448 -0.9314
0.1002 -0.4486 -0.9488
0.1100 -0.4671 -0.9816
0.1085 -0.4820 -0.9734
0.1115 -0.5244 -0.9545
0.1115 -0.5244 -0.9545
0.1104 -0.5789 -0.9173
0.1122 -0.6632 -0.9017
0.1265 -0.7861 -0.8532
0.1657 -0.9066 -0.8290
0.1849 -0.9098 -0.8390
0.1849 -0.9098 -0.8390
0.1908 -0.8573 -0.8280
0.2025 -0.8247 -0.7894
0.1569 -0.7656 -0.7198
0.1130 -0.6980 -0.6481
0.1162 -0.6544 -0.6870
0.1162 -0.6544 -0.6870
0.0841 -0.5919 -0.7679
0.0483 -0.4763 -0.7553
0.0461 -0.3559 -0.7161
0.0271 -0.2761 -0.7544
0.0271 -0.2761 -0.7544
0.0131 -0.2141 -0.8184
-0.0156 -0.1956 -0.8562
-0.0670 -0.1698 -0.8679
-0.0790 -0.1952 -0.8560
-0.0515 -0.2372 -0.9089
-0.0515 -0.2372 -0.9089
-0.0518 -0.2340 -0.9025
-0.0534 -0.2722 -0.8908
-0.0456 -0.3088 -0.9691
-0.0303 -0.2888 -0.9384
-0.0031 -0.3475 -0.9413
-0.0031 -0.3475 -0.9413
0.0369 -0.3344 -0.9018
0.0560 -0.3692 -0.9249
0.0219 -0.3992 -0.9242
0.0205 -0.3686 -0.9307
0.0054 -0.4103 -0.8840
0.0054 -0.4103 -0.8840
-0.0422 -0.4003 -0.8849
-0.0312 -0.4753 -0.8765
0.0084 -0.4375 -0.8399
0.0274 -0.3927 -0.9055
0.0980 -0.3954 -0.9240
0.0980 -0.3954 -0.9240
0.1415 -0.4618 -0.7853
0.1659 -0.5013 -0.6688
0.2300 -0.4769 -0.7221
0.2549 -0.4418 -0.7943
0.2549 -0.4418 -0.7943
0.3270 -0.3977 -0.8254
0.3176 -0.3619 -0.8541
0.3447 -0.3603 -0.7645
0.2765 -0.3569 -0.7742
0.1948 -0.4071 -0.8547
0.1948 -0.4071 -0.8547
0.2269 -0.4344 -0.8618
0.1920 -0.4335 -0.9258
0.1583 -0.3578 -0.9718
0.1396 -0.3635 -1.0741
0.1520 -0.3940 -1.0120
0.1520 -0.3940 -1.0120
0.1433 -0.4136 -0.9593
0.1300 -0.4406 -0.9481
0.1178 -0.4476 -0.9237
0.1259 -0.4617 -0.9192
0.1463 -0.4642 -0.9352
0.1463 -0.4642 -0.9352
0.1136 -0.4610 -0.9296
0.0935 -0.4793 -0.8667
0.0836 -0.4905 -0.8252
0.0805 -0.5066 -0.8068
0.0805 -0.5066 -0.8068
0.0461 -0.4765 -0.8353
0.0461 -0.4765 -0.8353
0.0572 -0.4980 -1.0324
0.0598 -0.4948 -0.8854
0.0203 -0.5293 -0.7268
0.0203 -0.5293 -0.7268
0.0320 -0.5638 -0.8069
0.0473 -0.5413 -0.8161
0.0834 -0.5175 -0.8497
0.1066 -0.5210 -0.8630
0.0862 -0.5060 -0.8342
0.0862 -0.5060 -0.8342
0.0562 -0.5082 -0.8201
0.0690 -0.5383 -0.8119
0.1012 -0.5350 -0.7076
0.0742 -0.4980 -0.8345
0.0833 -0.4812 -0.9397
0.0775 -0.5083 -0.8564
0.0786 -0.5551 -0.7337
0.0684 -0.5276 -0.8642
0.0775 -0.5092 -0.8827
0.0828 -0.5556 -0.6982
0.0828 -0.5556 -0.6982
0.0695 -0.4920 -0.9132
0.0816 -0.5217 -0.9177
0.0997 -0.5299 -0.7992
0.0901 -0.5483 -0.7480
0.0543 -0.5266 -0.7606
0.0547 -0.5150 -0.8039
0.0564 -0.5197 -0.8114
0.1242 -0.5464 -0.7479
0.1521 -0.5023 -0.7555
0.1521 -0.5023 -0.7555
0.2067 -0.5009 -0.7767
0.2613 -0.4655 -0.8147
0.3095 -0.4298 -0.7961
0.3527 -0.4563 -0.7570
0.4354 -0.4504 -0.8183
0.4354 -0.4504 -0.8183
0.4869 -0.4492 -0.8942
0.5204 -0.4497 -0.9428
0.4907 -0.3882 -0.9590
0.4968 -0.3911 -0.9082
0.6312 -0.4305 -0.7578
0.6312 -0.4305 -0.7578
0.5167 -0.3879 -0.6231
0.2901 -0.3916 -0.7643
0.2030 -0.4566 -0.7290
0.2395 -0.5716 -0.7954
0.2890 -0.4572 -0.8982
0.2890 -0.4572 -0.8982
0.2485 -0.5270 -0.8587
0.2473 -0.5524 -0.9030
0.3120 -0.5974 -1.0064
0.3022 -0.6724 -0.7094
0.2380 -0.4728 -0.5847
0.2380 -0.4728 -0.5847
0.3139 -0.2211 -0.7467
0.2951 -0.2078 -0.9142
0.2666 -0.4529 -0.7888
0.2966 -0.5224 -0.7290
0.3188 -0.4824 -0.7605
0.3152 -0.4983 -0.6988
0.2906 -0.5499 -0.7208
0.3106 -0.5601 -0.7312
0.2896 -0.6012 -0.7282
0.2896 -0.6012 -0.7282
0.2518 -0.6251 -0.6919
0.2148 -0.6326 -0.7594
0.1728 -0.6385 -0.7158
0.1230 -0.6446 -0.6525
0.1259 -0.6774 -0.7155
0.1259 -0.6774 -0.7155
0.1574 -0.6724 -0.7552
0.1719 -0.6780 -0.7506
0.1840 -0.6710 -0.7251
0.2018 -0.6421 -0.7424
0.1857 -0.6649 -0.7531
0.1857 -0.6649 -0.7531
0.1533 -0.6595 -0.6882
0.1380 -0.6490 -0.6809
0.1700 -0.6556 -0.7100
0.1915 -0.6458 -0.7021
0.1915 -0.6458 -0.7021
0.1779 -0.6632 -0.7129
0.1764 -0.6685 -0.6959
0.1801 -0.6570 -0.6915
0.1871 -0.6472 -0.7274
0.1879 -0.6455 -0.7462
0.1761 -0.6541 -0.7127
0.1761 -0.6541 -0.7127
0.1715 -0.6580 -0.7425
0.1926 -0.6619 -0.7580
0.1919 -0.6513 -0.7192
0.1919 -0.6513 -0.7192
0.1882 -0.6572 -0.7238
0.1875 -0.6594 -0.7286
0.1856 -0.6485 -0.7235
0.1910 -0.6486 -0.7307
0.1916 -0.6478 -0.7392
0.1884 -0.6421 -0.7369
0.1884 -0.6421 -0.7369
0.1864 -0.6399 -0.7328
0.1850 -0.6381 -0.7323
0.1850 -0.6381 -0.7323
0.1878 -0.6421 -0.7362
0.1890 -0.6420 -0.7406
0.1891 -0.6409 -0.7419
0.1879 -0.6448 -0.7295
0.1849 -0.6476 -0.7276
0.1849 -0.6476 -0.7276
0.1843 -0.6406 -0.7402
0.1811 -0.6392 -0.7348
0.1793 -0.6391 -0.7215
0.1765 -0.6544 -0.7088
0.2020 -0.6491 -0.7212
0.2020 -0.6491 -0.7212
0.2074 -0.6495 -0.7365
0.1844 -0.6464 -0.7369
0.1800 -0.6351 -0.7150
0.2049 -0.6358 -0.7156
0.2136 -0.6398 -0.7272
0.2136 -0.6398 -0.7272
0.2153 -0.6356 -0.7206
0.2104 -0.6427 -0.7189
0.2043 -0.6432 -0.7123
0.2165 -0.6379 -0.7146
0.2136 -0.6397 -0.7310
0.2136 -0.6397 -0.7310
0.1998 -0.6415 -0.7147
0.2028 -0.6385 -0.7101
0.2121 -0.6424 -0.7236
0.2104 -0.6468 -0.7208
0.2104 -0.6468 -0.7208
0.2027 -0.6502 -0.7252
0.2029 -0.6422 -0.7292
0.2025 -0.6414 -0.7225
0.2137 -0.6337 -0.7143
0.2062 -0.6407 -0.7222
0.2062 -0.6407 -0.7222
0.2086 -0.6370 -0.7137
0.2184 -0.6425 -0.7074
0.2377 -0.6425 -0.7144
0.2281 -0.6466 -0.7208
0.2348 -0.6361 -0.7190
0.2348 -0.6361 -0.7190
0.2316 -0.6348 -0.7217
0.2160 -0.6418 -0.7028
0.2206 -0.6357 -0.7040
0.2251 -0.6397 -0.7268
0.2293 -0.6372 -0.7289
0.2293 -0.6372 -0.7289
0.2234 -0.6427 -0.7190
0.2259 -0.6454 -0.7131
0.2290 -0.6456 -0.7257
0.2209 -0.6433 -0.7210
0.2178 -0.6451 -0.7115
0.2178 -0.6451 -0.7115
0.2229 -0.6335 -0.7093
0.2236 -0.6319 -0.7136
0.2184 -0.6432 -0.7056
0.2182 -0.6495 -0.7013
0.2182 -0.6495 -0.7013
0.2274 -0.6493 -0.7112
0.2344 -0.6444 -0.7102
0.2306 -0.6421 -0.7110
0.2350 -0.6387 -0.7130
0.2175 -0.6416 -0.7092
0.2175 -0.6416 -0.7092
0.2231 -0.6337 -0.7133
0.2283 -0.6395 -0.7166
0.2311 -0.6449 -0.7180
0.2277 -0.6427 -0.7201
0.2238 -0.6458 -0.7137
0.2238 -0.6458 -0.7137
0.2266 -0.6439 -0.7078
0.2291 -0.6385 -0.7143
0.2222 -0.6419 -0.7170
0.2157 -0.6487 -0.6910
0.2325 -0.6513 -0.7079
0.2325 -0.6513 -0.7079
0.2264 -0.6428 -0.7225
0.2151 -0.6424 -0.7161
0.2178 -0.6398 -0.7201
0.2187 -0.6319 -0.7208
0.2177 -0.6388 -0.7061
0.2177 -0.6388 -0.7061
0.2247 -0.6399 -0.7044
0.2363 -0.6448 -0.7194
0.2375 -0.6494 -0.7171
0.2292 -0.6468 -0.7103
0.2292 -0.6468 -0.7103
0.2226 -0.6418 -0.7081
0.2184 -0.6377 -0.7118
0.2241 -0.6387 -0.7187
0.2247 -0.6399 -0.7242
0.2155 -0.6420 -0.7047
0.2155 -0.6420 -0.7047
0.2291 -0.6437 -0.7171
0.2260 -0.6437 -0.7215
0.2186 -0.6419 -0.6991
0.2231 -0.6476 -0.6988
0.2269 -0.6359 -0.7183
0.2269 -0.6359 -0.7183
0.2128 -0.6422 -0.7175
0.2050 -0.6339 -0.7070
0.2186 -0.6351 -0.7185

