0.2254 -0.6441 -0.7192
0.2305 -0.6574 -0.7252
0.2313 -0.6513 -0.7174
0.2366 -0.6413 -0.7114
0.2250 -0.6378 -0.7075
0.2163 -0.6416 -0.7084
0.2163 -0.6416 -0.7084
0.2253 -0.6423 -0.7161
0.2274 -0.6391 -0.7138
0.2249 -0.6386 -0.7267
0.2220 -0.6379 -0.7291
0.2107 -0.6371 -0.7110
0.2107 -0.6371 -0.7110
0.2122 -0.6379 -0.6982
0.2263 -0.6373 -0.7096
0.2244 -0.6422 -0.7122
0.2169 -0.6457 -0.7094
0.2247 -0.6461 -0.7144
0.2247 -0.6461 -0.7144
0.2269 -0.6465 -0.7297
0.2171 -0.6455 -0.7317
0.2105 -0.6424 -0.7161
0.2311 -0.6379 -0.7236
0.2255 -0.6515 -0.7097
0.2255 -0.6515 -0.7097
0.2172 -0.6585 -0.7343
0.2123 -0.6560 -0.7121
0.2236 -0.6360 -0.7207
0.2180 -0.6448 -0.7028
0.2177 -0.6495 -0.7075
0.2177 -0.6495 -0.7075
0.2308 -0.6416 -0.7219
0.2125 -0.6332 -0.6843
0.2076 -0.6337 -0.6978
0.2243 -0.6345 -0.7105
0.2243 -0.6345 -0.7105
0.2221 -0.6408 -0.7074
0.2158 -0.6489 -0.7056
0.2276 -0.6440 -0.6979
0.2405 -0.6454 -0.7087
0.2230 -0.6426 -0.7252
0.2230 -0.6426 -0.7252
0.2134 -0.6466 -0.7010
0.2201 -0.6437 -0.6951
0.2279 -0.6456 -0.7061
0.2294 -0.6482 -0.7087
0.2345 -0.6479 -0.7101
0.2345 -0.6479 -0.7101
0.2276 -0.6455 -0.7057
0.2222 -0.6421 -0.7139
0.2324 -0.6449 -0.7058
0.2345 -0.6492 -0.7055
0.2295 -0.6526 -0.7112
0.2295 -0.6526 -0.7112
0.2328 -0.6532 -0.7327
0.2335 -0.6363 -0.7241
0.2149 -0.6228 -0.6701
0.2323 -0.6063 -0.7028
0.2456 -0.6733 -0.7735
0.2456 -0.6733 -0.7735
0.2417 -0.6415 -0.7337
0.2611 -0.6610 -0.7501
0.2471 -0.6395 -0.6978
0.2512 -0.6443 -0.6988
0.2392 -0.6557 -0.7084
0.2178 -0.6423 -0.6910
0.2253 -0.6290 -0.6783
0.2310 -0.6388 -0.6970
0.2251 -0.6413 -0.7321
0.2251 -0.6413 -0.7321
0.2192 -0.6481 -0.7171
0.2188 -0.6469 -0.7032
0.2261 -0.6433 -0.7121
0.2270 -0.6463 -0.7124
0.2275 -0.6497 -0.7067
0.2275 -0.6497 -0.7067
0.2251 -0.6435 -0.7078
0.2121 -0.6380 -0.7171
0.2384 -0.6441 -0.7150
0.2369 -0.6476 -0.7260
0.2357 -0.6382 -0.7165
0.2357 -0.6382 -0.7165
0.2319 -0.6451 -0.7255
0.2365 -0.6404 -0.7152
0.2317 -0.6330 -0.7034
0.2248 -0.6359 -0.7076
0.2297 -0.6365 -0.7050
0.2297 -0.6365 -0.7050
0.2389 -0.6421 -0.7028
0.2384 -0.6369 -0.7198
0.2335 -0.6388 -0.7217
0.2343 -0.6379 -0.7233
0.2343 -0.6379 -0.7233
0.2252 -0.6419 -0.7167
0.2070 -0.6403 -0.7249
0.2352 -0.6372 -0.6971
0.2273 -0.6285 -0.7003
0.2192 -0.6145 -0.6992
0.2192 -0.6145 -0.6992
0.2154 -0.6201 -0.7017
0.2127 -0.6246 -0.7189
0.2335 -0.6237 -0.7094
0.2388 -0.6105 -0.7281
0.2278 -0.6147 -0.7311
0.2278 -0.6147 -0.7311
0.2231 -0.6030 -0.7419
0.2124 -0.5871 -0.7448
0.2299 -0.5921 -0.7655
0.2225 -0.5761 -0.7603
0.2205 -0.5694 -0.7644
0.2205 -0.5694 -0.7644
0.2153 -0.5572 -0.7466
0.2176 -0.5317 -0.7220
0.1761 -0.5211 -0.6768
0.1759 -0.5100 -0.5944
0.1769 -0.4600 -0.5620
0.1769 -0.4600 -0.5620
0.1727 -0.4460 -0.5894
0.1600 -0.4654 -0.6300
0.2042 -0.4059 -0.7251
0.1368 -0.3678 -0.7408
0.1368 -0.3678 -0.7408
0.1852 -0.3415 -0.9564
0.1981 -0.3383 -0.9021
0.1530 -0.2602 -0.9721
0.1114 -0.2248 -1.0229
0.0205 -0.2085 -1.1095
0.0205 -0.2085 -1.1095
-0.0408 -0.2648 -1.0806
-0.0737 -0.3440 -0.7307
-0.0623 -0.3443 -0.6117
-0.2828 -0.4568 -0.5845
-0.4795 -0.2417 -0.0909
-0.4795 -0.2417 -0.0909
-0.3112 0.0527 -0.8602
-0.1229 -0.1356 -1.0617
-0.1016 0.0041 -1.6132
-0.1578 0.7256 -1.6945
-0.0760 0.5471 -1.2559
-0.0760 0.5471 -1.2559
-0.1641 0.0535 -1.0270
-0.3832 -0.3361 -0.6083
-0.2205 -0.3545 -0.3528
-0.1798 -0.1537 -0.9202
-0.0395 -0.1196 -0.7203
-0.0395 -0.1196 -0.7203
0.0453 0.0829 -1.0016
0.0764 0.0444 -1.0328
-0.0687 -0.1135 -0.9329
-0.1371 -0.2192 -0.6539
-0.1371 -0.2192 -0.6539
-0.0878 -0.1233 -0.5497
-0.0639 0.0345 -0.5145
-0.1157 0.0782 -0.5555
-0.0383 0.1400 -0.6473
0.0389 0.2783 -0.9866
0.0389 0.2783 -0.9866
0.0285 0.4795 -1.1377
0.1473 0.5882 -1.1427
0.3916 0.5380 -1.0217
1.2002 0.6858 -4.4361
1.2002 0.6858 -4.4361
0.7061 0.0368 -0.9608
0.3634 -0.0378 -0.2362
0.0696 0.0107 0.2678
0.1424 -0.0350 -0.1575
0.2913 -0.0661 -1.0988
0.2913 -0.0661 -1.0988
0.3961 -0.0829 -2.4150
0.3001 -0.1022 -1.1163
0.0830 0.0186 -0.5333
-0.0408 0.0887 -0.7226
-0.0408 0.0887 -0.7226
0.0141 0.0520 -1.1199
0.1547 -0.0169 -1.0126
0.1699 0.0197 -0.9863
0.0758 0.0416 -0.9605
0.0917 0.0238 -0.9905
0.1093 0.0374 -0.9787
0.0896 0.0270 -0.9822
0.1039 0.0333 -0.9792
0.0943 0.0292 -0.9818
0.1011 0.0311 -0.9796
0.1011 0.0311 -0.9796
0.0955 0.0318 -0.9797
0.0993 0.0303 -0.9802
0.0962 0.0314 -0.9785
0.0983 0.0303 -0.9805
0.0964 0.0305 -0.9804
0.0964 0.0305 -0.9804
0.0928 0.0299 -0.9794
0.0809 0.0294 -0.9786
0.0822 0.0287 -0.9779
0.1010 0.0326 -0.9768
0.1115 0.0334 -0.9788
0.1115 0.0334 -0.9788
0.1178 0.0337 -0.9857
0.1262 0.0296 -0.9820
0.0918 0.0296 -0.9795
0.1043 0.0318 -0.9816
0.1043 0.0318 -0.9816
0.1063 0.0320 -0.9791
0.0902 0.0306 -0.9774
0.1002 0.0290 -0.9798
0.1012 0.0314 -0.9789
0.0985 0.0310 -0.9798
0.0985 0.0310 -0.9798
0.1002 0.0311 -0.9797
0.1000 0.0294 -0.9798
0.0994 0.0308 -0.9797
0.0999 0.0310 -0.9793
0.0992 0.0303 -0.9801
0.0993 0.0295 -0.9796
0.0993 0.0295 -0.9796
0.0994 0.0301 -0.9797
0.0992 0.0303 -0.9799
0.0992 0.0303 -0.9800
0.0993 0.0309 -0.9798
0.0991 0.0304 -0.9792
0.0997 0.0305 -0.9799
0.0992 0.0307 -0.9799
0.0997 0.0312 -0.9794
0.0990 0.0309 -0.9801
0.0990 0.0309 -0.9801
0.0981 0.0305 -0.9798
0.0994 0.0290 -0.9798
0.0988 0.0308 -0.9796
0.0990 0.0298 -0.9808
0.0990 0.0298 -0.9808
0.0995 0.0305 -0.9797
0.0991 0.0308 -0.9787
0.0984 0.0301 -0.9799
0.0989 0.0300 -0.9798
0.0981 0.0302 -0.9806
0.0981 0.0302 -0.9806
0.1003 0.0315 -0.9811
0.0992 0.0307 -0.9802
0.0994 0.0308 -0.9800
0.0973 0.0305 -0.9801
0.1002 0.0301 -0.9803
0.1002 0.0301 -0.9803
0.0980 0.0298 -0.9788
0.0995 0.0305 -0.9805
0.0984 0.0306 -0.9790
0.0993 0.0311 -0.9803
0.0989 0.0295 -0.9810
0.0989 0.0295 -0.9810
0.0986 0.0310 -0.9788
0.0990 0.0303 -0.9804
0.0996 0.0316 -0.9798
0.0990 0.0302 -0.9799
0.0987 0.0301 -0.9807
0.0987 0.0301 -0.9807
0.0988 0.0309 -0.9796
0.0992 0.0303 -0.9807
0.0984 0.0308 -0.9796
0.0991 0.0302 -0.9798
0.0991 0.0302 -0.9798
0.0984 0.0301 -0.9795
0.0983 0.0304 -0.9807
0.0983 0.0307 -0.9791
0.0985 0.0312 -0.9797
0.0986 0.0305 -0.9799
0.0986 0.0305 -0.9799
0.0989 0.0303 -0.9795
0.0985 0.0298 -0.9798
0.0990 0.0307 -0.9808
0.0992 0.0310 -0.9792
0.0983 0.0304 -0.9817
0.0983 0.0304 -0.9817
0.0987 0.0309 -0.9804
0.0993 0.0307 -0.9795
0.0987 0.0297 -0.9808
0.0989 0.0314 -0.9791
0.0990 0.0305 -0.9798
0.0990 0.0305 -0.9798
0.0988 0.0304 -0.9802
0.0988 0.0305 -0.9803
0.0993 0.0300 -0.9798
0.0983 0.0306 -0.9800
0.0984 0.0310 -0.9798
0.0984 0.0310 -0.9798
0.0984 0.0296 -0.9810
0.0977 0.0307 -0.9815
0.0987 0.0309 -0.9804
0.0982 0.0297 -0.9803
0.0982 0.0297 -0.9803
0.0990 0.0306 -0.9807
0.0984 0.0307 -0.9798
0.0980 0.0294 -0.9807
0.0978 0.0316 -0.9802
0.0985 0.0301 -0.9802
0.0978 0.0304 -0.9793
0.0978 0.0304 -0.9793
0.0649 0.0260 -0.9841
0.0598 0.0431 -0.9704
0.1147 0.0406 -1.0017
0.1471 0.0278 -0.9739
0.1084 0.0272 -0.9829
0.1084 0.0272 -0.9829
0.0729 0.0387 -0.9740
0.0681 0.0300 -0.9879
0.0915 0.0359 -0.9796
0.0915 0.0359 -0.9796
0.0612 0.0402 -0.9781
0.0419 0.0614 -0.9877
0.0312 0.0729 -0.9784
0.0334 0.0711 -0.9737
0.0334 0.0711 -0.9737
0.0803 0.0527 -0.9752
0.0963 0.0391 -0.9647
0.2735 0.0211 -0.9609
0.2101 0.1046 -1.0049
0.1416 0.1542 -1.0207
0.1416 0.1542 -1.0207
0.0983 0.1319 -0.9691
0.0939 0.0258 -1.0690
0.1631 0.0266 -1.1109
0.1103 0.0861 -0.9882
0.1305 0.1138 -1.1752
0.1305 0.1138 -1.1752
0.1299 0.0051 -1.1476
0.0127 -0.1432 -1.1229
0.0383 0.0026 -1.3434
-0.0080 -0.0362 -1.5174
-0.1704 -0.1483 -1.3611
-0.1704 -0.1483 -1.3611
-0.2229 -0.0780 -1.1956
-0.0797 -0.4333 -1.6216
-0.2810 -0.2393 -1.2731
-0.3730 -0.1643 -1.3087
-0.3423 -0.3993 -1.1956
-0.3423 -0.3993 -1.1956
-0.4124 -0.2763 -1.1666
-0.5474 -0.2800 -1.1381
-0.5562 -0.3718 -1.0787
-0.4942 -0.4308 -0.9324
-0.4942 -0.4308 -0.9324
-0.4404 -0.3976 -0.8177
-0.4015 -0.3676 -0.7885
-0.4076 -0.3945 -0.6710
-0.3812 -0.4536 -0.5841
-0.3185 -0.3916 -0.5025
-0.3185 -0.3916 -0.5025
-0.2419 -0.4002 -0.3583
-0.1674 -0.3801 -0.2095
-0.1499 -0.3924 -0.1162
-0.0932 -0.3524 -0.0181
-0.1423 -0.1503 -0.1727
-0.1423 -0.1503 -0.1727
-0.3885 -0.2650 -0.4229
-0.2835 -0.0990 -0.0649
-0.3155 -0.0145 0.0447
-0.2551 -0.1821 0.0000
-0.2551 -0.1821 0.0000
-0.1019 -0.6350 -0.9478
0.0415 -0.6082 -1.4740
0.3142 -1.0264 -2.0959
0.3873 -0.5950 -1.5588
0.3859 -0.3257 -1.2060
0.3859 -0.3257 -1.2060
0.4116 -0.3559 -1.0207
0.4530 -0.4012 -0.8259
0.4004 -0.2904 -0.8830
0.3703 -0.2212 -0.8037
0.3703 -0.2212 -0.8037
0.3528 -0.2025 -0.7430
0.3915 -0.3027 -0.7531
0.3573 -0.3511 -0.7444
0.3262 -0.3300 -0.7948
0.2518 -0.3422 -0.7432
0.2518 -0.3422 -0.7432
0.2691 -0.5004 -0.7328
0.3134 -0.5711 -0.7306
0.2999 -0.5338 -0.7449
0.2901 -0.5136 -0.7509
0.3359 -0.5208 -0.7466
0.3359 -0.5208 -0.7466
0.0988 -0.5421 -0.7110
0.1856 -0.6335 -0.7225
0.2737 -0.5483 -0.7023
0.2714 -0.5148 -0.7463
0.2346 -0.5308 -0.7539
0.2346 -0.5308 -0.7539
0.1837 -0.5394 -0.7437
0.1949 -0.5504 -0.7250
0.1927 -0.5367 -0.6736
0.2191 -0.5539 -0.6523
0.2484 -0.6282 -0.6983
0.2484 -0.6282 -0.6983
0.2969 -0.6431 -0.6513
0.2977 -0.6252 -0.6680
0.2438 -0.6243 -0.6954
0.2428 -0.6207 -0.6989
0.2428 -0.6207 -0.6989
0.2337 -0.6073 -0.6524
0.2246 -0.6088 -0.6998
0.2336 -0.6180 -0.7324
0.2477 -0.6121 -0.7094
0.2555 -0.6146 -0.7079
0.2555 -0.6146 -0.7079
0.2300 -0.6280 -0.7207
0.2361 -0.6333 -0.7348
0.2630 -0.6351 -0.7316
0.2485 -0.6423 -0.7054
0.2591 -0.6514 -0.7122
0.2591 -0.6514 -0.7122
0.2681 -0.6363 -0.7063
0.2815 -0.6220 -0.7020
0.2818 -0.6167 -0.7187
0.2742 -0.6164 -0.7261
0.2785 -0.6215 -0.7216
0.2785 -0.6215 -0.7216
0.2898 -0.6277 -0.7225
0.2847 -0.6253 -0.7098
0.2754 -0.6268 -0.6965
0.2714 -0.6162 -0.6921
0.2714 -0.6162 -0.6921
0.2756 -0.6136 -0.6906
0.2841 -0.6170 -0.6984
0.2862 -0.6215 -0.7123
0.2787 -0.6218 -0.7055
0.2944 -0.6214 -0.7086
0.2944 -0.6214 -0.7086
0.2976 -0.6208 -0.7183
0.2774 -0.6148 -0.7087
0.2766 -0.6101 -0.7036
0.2829 -0.6091 -0.7143
0.2874 -0.6084 -0.7231
0.2874 -0.6084 -0.7231
0.2860 -0.6101 -0.7399
0.2910 -0.6137 -0.7256
0.2909 -0.6105 -0.7016
0.2914 -0.6106 -0.6999
0.3051 -0.6053 -0.7221
0.3051 -0.6053 -0.7221
0.3044 -0.6076 -0.7263
0.2967 -0.6068 -0.7174
0.2973 -0.6057 -0.7126
0.3035 -0.6018 -0.7258
0.3068 -0.6026 -0.7384
0.3068 -0.6026 -0.7384
0.2867 -0.6042 -0.7197
0.2894 -0.6064 -0.7097
0.3073 -0.6037 -0.7188
0.3080 -0.6049 -0.7426
0.3080 -0.6049 -0.7426
0.2979 -0.6101 -0.7295
0.2890 -0.6039 -0.7028
0.2874 -0.6027 -0.6979
0.2949 -0.6040 -0.7137
0.3006 -0.6072 -0.7441
0.3006 -0.6072 -0.7441
0.2905 -0.6051 -0.7375
0.2933 -0.6095 -0.7381
0.2951 -0.6086 -0.7373
0.3011 -0.6085 -0.7302
0.2947 -0.6097 -0.7293
0.2947 -0.6097 -0.7293
0.2916 -0.6127 -0.7182
0.2974 -0.6065 -0.7117
0.2959 -0.6039 -0.7174
0.2997 -0.6013 -0.7125
0.3028 -0.5996 -0.6999
0.3028 -0.5996 -0.6999
0.3033 -0.6011 -0.7043
0.3084 -0.6040 -0.7184
0.3019 -0.6061 -0.7330
0.2939 -0.6112 -0.7177
0.2939 -0.6112 -0.7177
0.2984 -0.6135 -0.7023
0.2967 -0.6061 -0.6981
0.2998 -0.6028 -0.7187
0.2974 -0.6020 -0.7280
0.3002 -0.6098 -0.7298
0.3002 -0.6098 -0.7298
0.2862 -0.6160 -0.7169
0.2921 -0.6159 -0.7024
0.3090 -0.6100 -0.6931
0.3027 -0.6087 -0.7078
0.2964 -0.6167 -0.7171
0.2964 -0.6167 -0.7171
0.2959 -0.6127 -0.7108
0.2975 -0.6123 -0.7196
0.2982 -0.6105 -0.7148
0.3062 -0.6135 -0.7088
0.3142 -0.6150 -0.7170
0.3142 -0.6150 -0.7170
0.3127 -0.6211 -0.7254
0.3125 -0.6217 -0.7178
0.3109 -0.6169 -0.7149
0.3085 -0.6105 -0.7099
0.3087 -0.6095 -0.7022
0.3087 -0.6095 -0.7022
0.3075 -0.6111 -0.7010
0.3053 -0.6125 -0.6996
0.3150 -0.6106 -0.7008
0.3115 -0.6140 -0.7012
0.3115 -0.6140 -0.7012
0.3108 -0.6167 -0.6950
0.3117 -0.6187 -0.6945
0.3077 -0.6179 -0.6996
0.3036 -0.6131 -0.6868
0.3043 -0.6146 -0.6727
0.3043 -0.6146 -0.6727
0.3139 -0.6169 -0.6815
0.3156 -0.6210 -0.7083
0.3249 -0.6240 -0.7253
0.3298 -0.6241 -0.7170
0.3268 -0.6195 -0.7045
0.3268 -0.6195 -0.7045
0.3162 -0.6205 -0.6880
0.3095 -0.6233 -0.6852
0.3109 -0.6240 -0.6875
0.3287 -0.6222 -0.6978
0.3315 -0.6207 -0.6995
0.3315 -0.6207 -0.6995
0.3284 -0.6172 -0.6893
0.3232 -0.6168 -0.6847
0.3184 -0.6169 -0.6874
0.3175 -0.6188 -0.6830
0.3133 -0.6171 -0.6703
0.3133 -0.6171 -0.6703
0.3107 -0.6147 -0.6730
0.3084 -0.6165 -0.6931
0.3213 -0.6109 -0.7084
0.3328 -0.6134 -0.7204
0.3328 -0.6134 -0.7204
0.3397 -0.6156 -0.7267
0.3365 -0.6188 -0.7218
0.3302 -0.6212 -0.7079
0.3279 -0.6209 -0.6999
0.3240 -0.6204 -0.6988
0.3240 -0.6204 -0.6988
0.3173 -0.6218 -0.6963
0.3139 -0.6183 -0.6940
0.3138 -0.6160 -0.6991
0.3116 -0.6175 -0.7036
0.3100 -0.6225 -0.6920
0.3100 -0.6225 -0.6920
0.3069 -0.6198 -0.6864
0.3116 -0.6153 -0.6886
0.3071 -0.6158 -0.6941
0.3043 -0.6180 -0.7039
0.3203 -0.6227 -0.7142
0.3203 -0.6227 -0.7142
0.3268 -0.6215 -0.7059
0.3249 -0.6204 -0.6982
0.3277 -0.6147 -0.7027
0.3200 -0.6176 -0.7006
0.3200 -0.6176 -0.7006
0.3242 -0.6205 -0.7119
0.3240 -0.6201 -0.7064
0.3240 -0.6192 -0.6981
0.3309 -0.6178 -0.6806
0.3217 -0.6240 -0.6918
0.3217 -0.6240 -0.6918
0.3078 -0.6235 -0.6976
0.3069 -0.6154 -0.7038
0.3145 -0.6123 -0.6832
0.3130 -0.6202 -0.6911
0.3177 -0.6213 -0.7163
0.3177 -0.6213 -0.7163
0.3184 -0.6282 -0.7112
0.3115 -0.6198 -0.6909
0.3275 -0.6150 -0.7128
0.3090 -0.6117 -0.7031
0.3055 -0.6183 -0.7057
0.3055 -0.6183 -0.7057
0.3117 -0.6163 -0.6980
0.3020 -0.6113 -0.6921
0.3132 -0.6186 -0.6987
0.3160 -0.6214 -0.7037
0.3124 -0.6139 -0.6927
0.3124 -0.6139 -0.6927
0.3166 -0.6129 -0.6935
0.3176 -0.6169 -0.7111
0.3102 -0.6210 -0.7077
0.3139 -0.6228 -0.7027
0.3064 -0.6209 -0.7054
0.3064 -0.6209 -0.7054
0.3035 -0.6173 -0.6953
0.3106 -0.6171 -0.6931
0.3106 -0.6183 -0.7005
0.3073 -0.6209 -0.7098
0.3073 -0.6209 -0.7098
0.3092 -0.6222 -0.7065
0.3127 -0.6152 -0.6860
0.3138 -0.6145 -0.6936
0.3189 -0.6169 -0.7128
0.3187 -0.6200 -0.7056
0.3187 -0.6200 -0.7056
0.3141 -0.6211 -0.6925
0.3165 -0.6200 -0.6961
0.3186 -0.6149 -0.7054
0.3214 -0.6104 -0.7059
0.3217 -0.6182 -0.7048
0.3217 -0.6182 -0.7048
0.3212 -0.6166 -0.7090
0.3250 -0.6130 -0.7031
0.3243 -0.6189 -0.6982
0.3115 -0.6172 -0.6816
0.3283 -0.6048 -0.6647
0.3283 -0.6048 -0.6647
0.3337 -0.6299 -0.7188
0.3276 -0.6258 -0.7348
0.3395 -0.6115 -0.7088
0.3232 -0.6190 -0.6864
0.3232 -0.6190 -0.6864

