-0.0763 0.0623 0.2959
-0.0760 0.0622 0.2963
-0.0758 0.0621 0.2964
-0.0756 0.0619 0.2963
-0.0756 0.0619 0.2963
-0.0755 0.0618 0.2962
-0.0754 0.0621 0.2961
-0.0754 0.0622 0.2961
-0.0754 0.0623 0.2961
-0.0754 0.0623 0.2960
-0.0754 0.0623 0.2960
-0.0754 0.0623 0.2960
-0.0753 0.0624 0.2960
-0.0753 0.0624 0.2959
-0.0753 0.0625 0.2958
-0.0754 0.0626 0.2957
-0.0754 0.0626 0.2956
-0.0755 0.0627 0.2956
-0.0754 0.0627 0.2956
-0.0754 0.0627 0.2956
-0.0754 0.0626 0.2956
-0.0754 0.0626 0.2956
-0.0754 0.0625 0.2955
-0.0754 0.0625 0.2955
-0.0754 0.0627 0.2957
-0.0754 0.0627 0.2958
-0.0753 0.0628 0.2957
-0.0753 0.0629 0.2957
-0.0753 0.0630 0.2956
-0.0754 0.0632 0.2956
-0.0753 0.0633 0.2955
-0.0753 0.0636 0.2954
-0.0752 0.0639 0.2953
-0.0752 0.0640 0.2952
-0.0752 0.0642 0.2952
-0.0751 0.0644 0.2951
-0.0751 0.0645 0.2951
-0.0750 0.0645 0.2951
-0.0750 0.0645 0.2950
-0.0750 0.0644 0.2949
-0.0749 0.0644 0.2949
-0.0748 0.0644 0.2948
-0.0747 0.0645 0.2947
-0.0747 0.0645 0.2946
-0.0747 0.0645 0.2945
-0.0746 0.0645 0.2944
-0.0745 0.0644 0.2944
-0.0746 0.0645 0.2944
-0.0745 0.0645 0.2944
-0.0745 0.0644 0.2944
-0.0744 0.0644 0.2944
-0.0744 0.0643 0.2944
-0.0743 0.0642 0.2944
-0.0744 0.0642 0.2945
-0.0744 0.0641 0.2946
-0.0744 0.0641 0.2947
-0.0744 0.0640 0.2948
-0.0744 0.0640 0.2948
-0.0743 0.0640 0.2948
-0.0743 0.0642 0.2946
-0.0742 0.0641 0.2945
-0.0741 0.0638 0.2945
-0.0741 0.0637 0.2945
-0.0741 0.0636 0.2945
-0.0742 0.0636 0.2944
-0.0740 0.0637 0.2946
-0.0740 0.0638 0.2947
-0.0741 0.0639 0.2946
-0.0742 0.0640 0.2947
-0.0744 0.0641 0.2947
-0.0745 0.0642 0.2947
-0.0747 0.0643 0.2944
-0.0748 0.0643 0.2944
-0.0749 0.0643 0.2943
-0.0749 0.0643 0.2943
-0.0749 0.0643 0.2942
-0.0747 0.0642 0.2941
-0.0747 0.0642 0.2941
-0.0746 0.0641 0.2941
-0.0744 0.0641 0.2940
-0.0743 0.0640 0.2940
-0.0740 0.0640 0.2939
-0.0743 0.0642 0.2938
-0.0742 0.0643 0.2937
-0.0741 0.0643 0.2936
-0.0740 0.0644 0.2935
-0.0738 0.0645 0.2934
-0.0737 0.0646 0.2933
-0.0736 0.0647 0.2932
-0.0734 0.0647 0.2931
-0.0733 0.0647 0.2930
-0.0732 0.0647 0.2929
-0.0730 0.0647 0.2929
-0.0729 0.0647 0.2928
-0.0727 0.0647 0.2927
-0.0725 0.0647 0.2926
-0.0724 0.0647 0.2925
-0.0722 0.0647 0.2924
-0.0721 0.0647 0.2924
-0.0720 0.0647 0.2924
-0.0717 0.0645 0.2923
-0.0715 0.0642 0.2924
-0.0713 0.0638 0.2925
-0.0711 0.0634 0.2927
-0.0709 0.0630 0.2928
-0.0707 0.0624 0.2931
-0.0706 0.0620 0.2934
-0.0705 0.0614 0.2937
-0.0703 0.0609 0.2940
-0.0701 0.0603 0.2943
-0.0699 0.0596 0.2946
-0.0697 0.0590 0.2949
-0.0696 0.0584 0.2951
-0.0694 0.0578 0.2954
-0.0692 0.0571 0.2956
-0.0690 0.0562 0.2957
-0.0687 0.0551 0.2960
-0.0683 0.0535 0.2963
-0.0676 0.0515 0.2968
-0.0669 0.0484 0.2977
-0.0662 0.0444 0.2989
-0.0655 0.0396 0.3003
-0.0648 0.0341 0.3020
-0.0641 0.0277 0.3038
-0.0637 0.0212 0.3055
-0.0633 0.0146 0.3069
-0.0630 0.0081 0.3084
-0.0630 0.0016 0.3097
-0.0634 -0.0047 0.3110
-0.0642 -0.0106 0.3121
-0.0657 -0.0160 0.3132
-0.0675 -0.0210 0.3145
-0.0700 -0.0260 0.3162
-0.0731 -0.0313 0.3187
-0.0765 -0.0371 0.3218
-0.0793 -0.0434 0.3256
-0.0803 -0.0516 0.3293
-0.0797 -0.0616 0.3325
-0.0795 -0.0722 0.3356
-0.0802 -0.0824 0.3388
-0.0812 -0.0909 0.3410
-0.0818 -0.0971 0.3411
-0.0816 -0.1016 0.3398
-0.0814 -0.1048 0.3380
-0.0810 -0.1080 0.3370
-0.0805 -0.1126 0.3370
-0.0798 -0.1188 0.3380
-0.0791 -0.1255 0.3397
-0.0786 -0.1326 0.3423
-0.0782 -0.1397 0.3450
-0.0782 -0.1464 0.3481
-0.0784 -0.1530 0.3517
-0.0785 -0.1599 0.3559
-0.0783 -0.1682 0.3610
-0.0780 -0.1780 0.3668
-0.0779 -0.1891 0.3726
-0.0777 -0.2014 0.3785
-0.0778 -0.2149 0.3843
-0.0786 -0.2292 0.3900
-0.0786 -0.2292 0.3900
-0.0798 -0.2431 0.3956
-0.0820 -0.2672 0.4048
-0.0829 -0.2767 0.4080
-0.0837 -0.2831 0.4104
-0.0831 -0.2845 0.4113
-0.0810 -0.2810 0.4100
-0.0795 -0.2772 0.4082
-0.0787 -0.2748 0.4065
-0.0777 -0.2770 0.4032
-0.0778 -0.2819 0.4018
-0.0784 -0.2865 0.4007
-0.0789 -0.2874 0.3998
-0.0799 -0.2860 0.3996
-0.0815 -0.2849 0.3999
-0.0831 -0.2849 0.4001
-0.0844 -0.2855 0.4000
-0.0854 -0.2860 0.3997
-0.0864 -0.2866 0.3996
-0.0875 -0.2869 0.3995
-0.0887 -0.2872 0.3995
-0.0899 -0.2874 0.3994
-0.0910 -0.2877 0.3994
-0.0920 -0.2880 0.3993
-0.0928 -0.2883 0.3993
-0.0939 -0.2886 0.3993
-0.0951 -0.2889 0.3992
-0.0963 -0.2892 0.3992
-0.0975 -0.2894 0.3991
-0.0936 -0.2885 0.3989
-0.0836 -0.2861 0.3986
-0.0808 -0.2854 0.3985
-0.0804 -0.2853 0.3984
-0.0807 -0.2854 0.3983
-0.0812 -0.2856 0.3983
-0.0792 -0.2850 0.3982
-0.0742 -0.2834 0.3982
-0.0728 -0.2830 0.3982
-0.0726 -0.2830 0.3981
-0.0731 -0.2832 0.3980
-0.0716 -0.2827 0.3980
-0.0682 -0.2813 0.3983
-0.0673 -0.2809 0.3983
-0.0672 -0.2809 0.3983
-0.0673 -0.2810 0.3983
-0.0676 -0.2811 0.3983
-0.0666 -0.2806 0.3984
-0.0642 -0.2795 0.3986
-0.0635 -0.2792 0.3986
-0.0634 -0.2792 0.3987
-0.0635 -0.2793 0.3986
-0.0636 -0.2794 0.3986
-0.0630 -0.2791 0.3987
-0.0614 -0.2782 0.3988
-0.0614 -0.2782 0.3988
-0.0609 -0.2779 0.3989
-0.0609 -0.2780 0.3989
-0.0609 -0.2780 0.3989
-0.0610 -0.2782 0.3989
-0.0592 -0.2770 0.3991
-0.0592 -0.2770 0.3991
-0.0591 -0.2770 0.3991
-0.0591 -0.2771 0.3991
-0.0592 -0.2772 0.3991
-0.0589 -0.2770 0.3991
-0.0582 -0.2765 0.3992
-0.0580 -0.2764 0.3992
-0.0580 -0.2764 0.3992
-0.0580 -0.2765 0.3992
-0.0580 -0.2766 0.3992
-0.0578 -0.2765 0.3992
-0.0572 -0.2759 0.3993
-0.0572 -0.2760 0.3993
-0.0572 -0.2761 0.3993
-0.0571 -0.2762 0.3993
-0.0570 -0.2761 0.3993
-0.0568 -0.2757 0.3994
-0.0567 -0.2757 0.3994
-0.0566 -0.2758 0.3994
-0.0566 -0.2759 0.3994
-0.0566 -0.2760 0.3994
-0.0566 -0.2761 0.3993
-0.0565 -0.2756 0.3994
-0.0564 -0.2755 0.3994
-0.0564 -0.2756 0.3994
-0.0563 -0.2757 0.3994
-0.0563 -0.2758 0.3993
-0.0563 -0.2757 0.3994
-0.0563 -0.2753 0.3994
-0.0563 -0.2753 0.3994
-0.0562 -0.2753 0.3994
-0.0562 -0.2754 0.3994
-0.0562 -0.2755 0.3993
-0.0562 -0.2754 0.3993
-0.0562 -0.2751 0.3994
-0.0562 -0.2750 0.3994
-0.0561 -0.2751 0.3994
-0.0561 -0.2752 0.3993
-0.0561 -0.2753 0.3993
-0.0561 -0.2752 0.3993
-0.0561 -0.2748 0.3993
-0.0561 -0.2748 0.3993
-0.0560 -0.2749 0.3993
-0.0560 -0.2750 0.3993
-0.0560 -0.2751 0.3992
-0.0560 -0.2750 0.3992
-0.0560 -0.2746 0.3993
-0.0560 -0.2746 0.3993
-0.0560 -0.2746 0.3992
-0.0559 -0.2747 0.3992
-0.0559 -0.2748 0.3992
-0.0559 -0.2747 0.3992
-0.0560 -0.2744 0.3992
-0.0560 -0.2743 0.3992
-0.0560 -0.2744 0.3992
-0.0559 -0.2745 0.3992
-0.0559 -0.2746 0.3991
-0.0559 -0.2745 0.3991
-0.0560 -0.2742 0.3992
-0.0560 -0.2741 0.3992
-0.0560 -0.2742 0.3992
-0.0559 -0.2743 0.3991
-0.0559 -0.2744 0.3991
-0.0559 -0.2743 0.3991
-0.0560 -0.2739 0.3992
-0.0560 -0.2739 0.3992
-0.0560 -0.2740 0.3991
-0.0559 -0.2741 0.3991
-0.0559 -0.2741 0.3991
-0.0559 -0.2741 0.3991
-0.0560 -0.2737 0.3991
-0.0560 -0.2737 0.3991
-0.0560 -0.2737 0.3991
-0.0559 -0.2738 0.3991
-0.0559 -0.2739 0.3991
-0.0559 -0.2738 0.3991
-0.0560 -0.2735 0.3991
-0.0560 -0.2735 0.3991
-0.0559 -0.2736 0.3991
-0.0554 -0.2738 0.3989
-0.0548 -0.2740 0.3987
-0.0544 -0.2742 0.3984
-0.0542 -0.2742 0.3983
-0.0544 -0.2743 0.3983
-0.0546 -0.2743 0.3984
-0.0546 -0.2745 0.3984
-0.0545 -0.2746 0.3983
-0.0544 -0.2746 0.3983
-0.0544 -0.2746 0.3982
-0.0542 -0.2747 0.3981
-0.0538 -0.2749 0.3979
-0.0531 -0.2751 0.3975
-0.0522 -0.2754 0.3968
-0.0512 -0.2756 0.3960
-0.0502 -0.2756 0.3952
-0.0494 -0.2758 0.3945
-0.0487 -0.2759 0.3938
-0.0483 -0.2760 0.3933
-0.0481 -0.2759 0.3926
-0.0480 -0.2757 0.3916
-0.0482 -0.2752 0.3905
-0.0486 -0.2749 0.3893
-0.0502 -0.2730 0.3875
-0.0512 -0.2718 0.3864
-0.0523 -0.2699 0.3852
-0.0539 -0.2671 0.3840
-0.0557 -0.2638 0.3833
-0.0577 -0.2597 0.3827
-0.0599 -0.2543 0.3821
-0.0623 -0.2474 0.3813
-0.0646 -0.2388 0.3802
-0.0671 -0.2286 0.3786
-0.0701 -0.2173 0.3770
-0.0724 -0.2053 0.3752
-0.0742 -0.1929 0.3727
-0.0760 -0.1797 0.3696
-0.0779 -0.1656 0.3663
-0.0798 -0.1506 0.3626
-0.0812 -0.1352 0.3581
-0.0820 -0.1192 0.3527
-0.0826 -0.1028 0.3469
-0.0830 -0.0863 0.3411
-0.0834 -0.0698 0.3352
-0.0835 -0.0532 0.3292
-0.0834 -0.0367 0.3228
-0.0832 -0.0207 0.3166
-0.0831 -0.0053 0.3109
-0.0831 0.0092 0.3056
-0.0831 0.0227 0.3007
-0.0831 0.0349 0.2964
-0.0828 0.0455 0.2926
-0.0824 0.0543 0.2896
-0.0818 0.0612 0.2870
-0.0811 0.0664 0.2845
-0.0802 0.0701 0.2819
-0.0794 0.0728 0.2790
-0.0776 0.0738 0.2759
-0.0738 0.0726 0.2720
-0.0676 0.0687 0.2673
-0.0599 0.0621 0.2621
-0.0528 0.0541 0.2578
-0.0473 0.0467 0.2544
-0.0441 0.0426 0.2525
-0.0422 0.0432 0.2513
-0.0406 0.0468 0.2498
-0.0389 0.0516 0.2478
-0.0374 0.0568 0.2456
-0.0350 0.0600 0.2443
-0.0340 0.0645 0.2429
-0.0337 0.0694 0.2415
-0.0340 0.0744 0.2398
-0.0347 0.0791 0.2379
-0.0358 0.0835 0.2358
-0.0369 0.0882 0.2334
-0.0381 0.0923 0.2312
-0.0396 0.0960 0.2289
-0.0410 0.0997 0.2262
-0.0421 0.1034 0.2234
-0.0427 0.1072 0.2205
-0.0430 0.1109 0.2176
-0.0432 0.1141 0.2151
-0.0433 0.1170 0.2129
-0.0433 0.1195 0.2109
-0.0434 0.1220 0.2089
-0.0434 0.1247 0.2070
-0.0434 0.1277 0.2051
-0.0432 0.1302 0.2034
-0.0431 0.1326 0.2017
-0.0431 0.1347 0.2002
-0.0431 0.1366 0.1986
-0.0430 0.1383 0.1970
-0.0440 0.1410 0.1949
-0.0442 0.1427 0.1931
-0.0442 0.1437 0.1916
-0.0442 0.1446 0.1902
-0.0442 0.1453 0.1892
-0.0451 0.1466 0.1880
-0.0470 0.1485 0.1865
-0.0479 0.1494 0.1858
-0.0485 0.1499 0.1853
-0.0491 0.1501 0.1850
-0.0496 0.1502 0.1848
-0.0503 0.1507 0.1845
-0.0512 0.1517 0.1841
-0.0519 0.1519 0.1839
-0.0524 0.1519 0.1838
-0.0528 0.1518 0.1836
-0.0531 0.1517 0.1835
-0.0534 0.1518 0.1832
-0.0544 0.1534 0.1825
-0.0548 0.1539 0.1822
-0.0549 0.1541 0.1821
-0.0549 0.1542 0.1820
-0.0549 0.1543 0.1819
-0.0549 0.1543 0.1818
-0.0559 0.1552 0.1814
-0.0563 0.1556 0.1812
-0.0565 0.1557 0.1811
-0.0566 0.1559 0.1809
-0.0566 0.1561 0.1808
-0.0567 0.1563 0.1806
-0.0576 0.1567 0.1804
-0.0578 0.1569 0.1803
-0.0579 0.1569 0.1802
-0.0580 0.1569 0.1802
-0.0580 0.1569 0.1802
-0.0580 0.1568 0.1801
-0.0591 0.1567 0.1802
-0.0595 0.1566 0.1803
-0.0596 0.1565 0.1803
-0.0597 0.1565 0.1804
-0.0597 0.1564 0.1804
-0.0598 0.1563 0.1804
-0.0602 0.1561 0.1804
-0.0602 0.1560 0.1805
-0.0602 0.1559 0.1805
-0.0602 0.1558 0.1804
-0.0602 0.1558 0.1804
-0.0602 0.1557 0.1804
-0.0610 0.1555 0.1806
-0.0612 0.1554 0.1807
-0.0614 0.1553 0.1808
-0.0615 0.1553 0.1808
-0.0616 0.1553 0.1809
-0.0618 0.1551 0.1810
-0.0621 0.1547 0.1810
-0.0623 0.1546 0.1811
-0.0625 0.1547 0.1811
-0.0626 0.1547 0.1811
-0.0627 0.1546 0.1811
-0.0629 0.1546 0.1812
-0.0637 0.1540 0.1812
-0.0641 0.1539 0.1811
-0.0644 0.1539 0.1811
-0.0646 0.1538 0.1812
-0.0647 0.1537 0.1812
-0.0648 0.1535 0.1813
-0.0650 0.1535 0.1813
-0.0651 0.1535 0.1813
-0.0652 0.1535 0.1813
-0.0652 0.1535 0.1812
-0.0653 0.1536 0.1811
-0.0653 0.1538 0.1809
-0.0656 0.1542 0.1806
-0.0657 0.1544 0.1804
-0.0657 0.1546 0.1803
-0.0657 0.1548 0.1801
-0.0657 0.1550 0.1800
-0.0657 0.1552 0.1799
-0.0654 0.1557 0.1789
-0.0654 0.1559 0.1785
-0.0654 0.1561 0.1783
-0.0654 0.1562 0.1782
-0.0655 0.1564 0.1780
-0.0655 0.1566 0.1778
-0.0656 0.1566 0.1780
-0.0656 0.1567 0.1781
-0.0656 0.1567 0.1781
-0.0655 0.1568 0.1780
-0.0655 0.1569 0.1779
-0.0655 0.1570 0.1777
-0.0654 0.1569 0.1782
-0.0652 0.1569 0.1783
-0.0651 0.1569 0.1783
-0.0649 0.1569 0.1783
-0.0648 0.1569 0.1783
-0.0646 0.1568 0.1784
-0.0643 0.1565 0.1785
-0.0641 0.1564 0.1785
-0.0638 0.1563 0.1785
-0.0635 0.1563 0.1784
-0.0633 0.1563 0.1784
-0.0630 0.1563 0.1783
-0.0630 0.1566 0.1779
-0.0628 0.1568 0.1777
-0.0626 0.1570 0.1775
-0.0624 0.1573 0.1773
-0.0623 0.1575 0.1772
-0.0621 0.1577 0.1770
-0.0620 0.1580 0.1769
-0.0619 0.1582 0.1768
-0.0618 0.1584 0.1766
-0.0617 0.1586 0.1765
-0.0616 0.1587 0.1763
-0.0614 0.1588 0.1761
-0.0614 0.1591 0.1761
-0.0613 0.1593 0.1760
-0.0611 0.1594 0.1759
-0.0610 0.1594 0.1758
-0.0608 0.1594 0.1757
-0.0607 0.1593 0.1757
-0.0601 0.1596 0.1753
-0.0597 0.1596 0.1752
-0.0595 0.1597 0.1750
-0.0593 0.1598 0.1749
-0.0592 0.1599 0.1748
-0.0591 0.1600 0.1747
-0.0584 0.1605 0.1741
-0.0581 0.1607 0.1739
-0.0578 0.1608 0.1738
-0.0576 0.1608 0.1737
-0.0575 0.1609 0.1737
-0.0574 0.1610 0.1736
-0.0568 0.1610 0.1734
-0.0566 0.1610 0.1734
-0.0565 0.1610 0.1733
-0.0564 0.1610 0.1733
-0.0563 0.1609 0.1734
-0.0561 0.1608 0.1735
-0.0560 0.1606 0.1738
-0.0559 0.1604 0.1739
-0.0558 0.1602 0.1740
-0.0557 0.1600 0.1741
-0.0557 0.1599 0.1741
-0.0558 0.1599 0.1740
-0.0561 0.1601 0.1740
-0.0563 0.1602 0.1739
-0.0565 0.1603 0.1739
-0.0567 0.1604 0.1739
-0.0568 0.1605 0.1738
-0.0570 0.1605 0.1738
-0.0572 0.1613 0.1739
-0.0573 0.1615 0.1739
-0.0574 0.1617 0.1739
-0.0575 0.1617 0.1739
-0.0576 0.1617 0.1739
-0.0576 0.1617 0.1739
-0.0573 0.1615 0.1741
-0.0572 0.1614 0.1742
-0.0572 0.1613 0.1743
-0.0571 0.1612 0.1743
-0.0571 0.1612 0.1742
-0.0571 0.1612 0.1742
-0.0571 0.1615 0.1742
-0.0572 0.1617 0.1741
-0.0572 0.1617 0.1741
-0.0572 0.1618 0.1740
-0.0572 0.1619 0.1739
-0.0573 0.1620 0.1739
-0.0572 0.1622 0.1738
-0.0573 0.1623 0.1738
-0.0573 0.1624 0.1738
-0.0574 0.1625 0.1737
-0.0574 0.1626 0.1737
-0.0574 0.1626 0.1737
-0.0573 0.1626 0.1737
-0.0573 0.1626 0.1736
-0.0573 0.1627 0.1736
-0.0572 0.1627 0.1736
-0.0572 0.1627 0.1735
-0.0572 0.1627 0.1735
-0.0572 0.1628 0.1735
-0.0572 0.1629 0.1735
-0.0573 0.1629 0.1734
-0.0573 0.1630 0.1734
-0.0573 0.1630 0.1733
-0.0573 0.1630 0.1733
-0.0573 0.1631 0.1733
-0.0574 0.1632 0.1732
-0.0574 0.1632 0.1732
-0.0574 0.1632 0.1732
-0.0575 0.1632 0.1732
-0.0576 0.1632 0.1732
-0.0575 0.1632 0.1731
-0.0576 0.1632 0.1731
-0.0576 0.1632 0.1731
-0.0576 0.1633 0.1731
-0.0576 0.1633 0.1731
-0.0577 0.1632 0.1731
-0.0577 0.1635 0.1729
-0.0576 0.1636 0.1729
-0.0576 0.1637 0.1728
-0.0575 0.1637 0.1728
-0.0574 0.1636 0.1728
-0.0573 0.1636 0.1728
-0.0573 0.1636 0.1729
-0.0572 0.1636 0.1729
-0.0572 0.1636 0.1729
-0.0571 0.1636 0.1729
-0.0570 0.1636 0.1729
-0.0569 0.1636 0.1729
-0.0569 0.1635 0.1729
-0.0569 0.1635 0.1729
-0.0568 0.1635 0.1729
-0.0568 0.1636 0.1728
-0.0567 0.1636 0.1727
-0.0567 0.1637 0.1727
-0.0568 0.1637 0.1726
-0.0569 0.1636 0.1726
-0.0569 0.1636 0.1726

