0.0000 0.0000 0.0000
0.0000 0.0000 0.0000
0.0000 0.0000 0.0000
0.0000 0.0000 0.0000
0.0000 0.0000 0.0000
0.0000 0.0000 0.0000
0.0000 0.0000 0.0000
0.0000 0.0000 0.0000
0.0000 0.0000 0.0000
0.0000 0.0000 0.0000
0.0000 0.0000 0.0000
0.0000 0.0000 0.0000
0.0000 0.0000 0.0000
0.0000 0.0000 0.0000
0.0000 0.0000 0.0000
0.0000 0.0000 0.0000
0.0000 0.0000 0.0000
0.0000 0.0000 0.0000
0.0000 0.0000 0.0000
0.0000 0.0000 0.0000
0.0000 0.0000 0.0000
0.0000 0.0000 0.0000
0.0000 0.0000 0.0000
0.0000 0.0000 0.0000
0.0000 0.0000 0.0000
0.0000 0.0000 0.0000
0.0000 0.0000 0.0000
0.0000 0.0000 0.0000
0.0000 0.0000 0.0000
0.0000 0.0000 0.0000
0.0000 0.0000 0.0000
0.0000 0.0000 0.0000
0.0000 0.0000 0.0000
0.0000 0.0000 0.0000
0.0000 0.0000 0.0000
0.0000 0.0000 0.0000
0.0000 0.0000 0.0000
0.0000 0.0000 0.0000
0.0000 0.0000 0.0000
0.0000 0.0000 0.0000
0.0000 0.0000 0.0000
0.0000 0.0000 0.0000
0.0000 0.0000 0.0000
0.0000 0.0000 0.0000
0.0000 0.0000 0.0000
0.0000 0.0000 0.0000
0.0000 0.0000 0.0000
0.0000 0.0000 0.0000
0.0000 0.0000 0.0000
0.0000 0.0000 0.0000
0.0000 0.0000 0.0000
0.0000 0.0000 0.0000
0.0000 0.0000 0.0000
0.0000 0.0000 0.0000
0.0000 0.0000 0.0000
0.0000 0.0000 0.0000
0.0000 0.0000 0.0000
0.0000 0.0000 0.0000
0.0000 0.0000 0.0000
0.0000 0.0000 0.0000
0.0000 0.0000 0.0000
0.0000 0.0000 0.0000
0.0000 0.0000 0.0000
0.0000 0.0000 0.0000
0.0000 0.0000 0.0000
0.0000 0.0000 0.0000
0.0000 0.0000 0.0000
0.0000 0.0000 0.0000
0.0000 0.0000 0.0000
-0.0002 -0.0008 -0.0001
-0.0003 -0.0016 -0.0002
-0.0004 -0.0025 -0.0003
-0.0006 -0.0035 -0.0005
-0.0005 -0.0019 -0.0004
0.0006 0.0053 0.0005
0.0009 0.0073 0.0008
0.0010 0.0075 0.0009
0.0010 0.0071 0.0009
0.0010 0.0064 0.0009
0.0009 0.0058 0.0008
0.0017 0.0077 0.0010
0.0018 0.0081 0.0011
0.0017 0.0082 0.0011
0.0015 0.0082 0.0012
0.0011 0.0081 0.0013
0.0012 0.0087 0.0014
0.0012 0.0090 0.0014
0.0010 0.0092 0.0012
0.0008 0.0093 0.0010
0.0007 0.0094 0.0008
0.0005 0.0096 0.0006
0.0005 0.0100 0.0006
0.0004 0.0103 0.0004
0.0003 0.0104 0.0001
0.0002 0.0106 -0.0002
0.0001 0.0107 -0.0005
-0.0001 0.0108 -0.0007
-0.0001 0.0106 -0.0002
-0.0001 0.0106 -0.0001
-0.0003 0.0106 -0.0002
-0.0004 0.0106 -0.0003
-0.0005 0.0106 -0.0004
-0.0006 0.0106 -0.0006
-0.0007 0.0105 -0.0007
-0.0002 0.0107 -0.0001
0.0000 0.0107 0.0000
0.0001 0.0106 -0.0001
0.0001 0.0105 -0.0002
0.0001 0.0105 -0.0003
0.0002 0.0108 -0.0002
0.0003 0.0109 -0.0002
0.0004 0.0109 -0.0004
0.0004 0.0110 -0.0005
0.0004 0.0110 -0.0007
0.0004 0.0111 -0.0007
0.0004 0.0113 -0.0002
0.0004 0.0113 -0.0001
0.0004 0.0114 0.0000
0.0003 0.0114 -0.0001
0.0002 0.0115 -0.0001
0.0002 0.0114 0.0000
0.0003 0.0111 0.0003
0.0003 0.0110 0.0003
0.0002 0.0110 0.0003
0.0001 0.0109 0.0001
0.0000 0.0109 0.0000
-0.0001 0.0108 -0.0001
-0.0002 0.0108 0.0002
-0.0001 0.0108 0.0002
0.0000 0.0107 0.0002
0.0001 0.0106 0.0002
0.0003 0.0105 0.0001
0.0004 0.0104 0.0002
0.0004 0.0104 0.0002
0.0005 0.0105 0.0001
0.0005 0.0105 0.0000
0.0005 0.0106 -0.0001
0.0005 0.0106 -0.0002
0.0005 0.0107 -0.0003
0.0006 0.0108 -0.0004
0.0007 0.0108 -0.0006
0.0006 0.0108 -0.0007
0.0006 0.0108 -0.0009
0.0005 0.0108 -0.0010
0.0003 0.0108 -0.0011
0.0000 0.0109 -0.0010
-0.0002 0.0109 -0.0010
-0.0003 0.0109 -0.0011
-0.0004 0.0110 -0.0012
-0.0006 0.0110 -0.0014
-0.0007 0.0110 -0.0014
-0.0008 0.0109 -0.0013
-0.0009 0.0109 -0.0013
-0.0011 0.0108 -0.0015
-0.0012 0.0108 -0.0017
-0.0012 0.0108 -0.0019
-0.0014 0.0107 -0.0020
-0.0016 0.0106 -0.0017
-0.0017 0.0106 -0.0017
-0.0018 0.0107 -0.0018
-0.0019 0.0109 -0.0020
-0.0020 0.0110 -0.0021
-0.0021 0.0113 -0.0021
-0.0019 0.0116 -0.0014
-0.0019 0.0117 -0.0013
-0.0019 0.0119 -0.0014
-0.0019 0.0120 -0.0016
-0.0020 0.0120 -0.0018
-0.0020 0.0120 -0.0018
-0.0018 0.0119 -0.0013
-0.0017 0.0119 -0.0013
-0.0017 0.0118 -0.0014
-0.0015 0.0117 -0.0015
-0.0014 0.0117 -0.0017
-0.0012 0.0118 -0.0017
-0.0012 0.0121 -0.0013
-0.0010 0.0124 -0.0013
-0.0007 0.0127 -0.0014
-0.0004 0.0132 -0.0016
0.0001 0.0138 -0.0019
0.0006 0.0147 -0.0019
0.0011 0.0162 -0.0014
0.0016 0.0177 -0.0014
0.0022 0.0195 -0.0016
0.0027 0.0215 -0.0017
0.0032 0.0239 -0.0015
0.0038 0.0265 -0.0007
0.0043 0.0293 0.0013
0.0052 0.0327 0.0039
0.0063 0.0364 0.0075
0.0075 0.0406 0.0122
0.0086 0.0454 0.0180
0.0095 0.0506 0.0249
0.0100 0.0558 0.0329
0.0104 0.0612 0.0418
0.0107 0.0664 0.0516
0.0109 0.0713 0.0621
0.0110 0.0761 0.0731
0.0110 0.0807 0.0844
0.0109 0.0851 0.0958
0.0105 0.0888 0.1070
0.0098 0.0919 0.1179
0.0087 0.0942 0.1282
0.0074 0.0961 0.1379
0.0058 0.0976 0.1469
0.0043 0.0987 0.1552
0.0027 0.0994 0.1626
0.0011 0.0998 0.1692
-0.0005 0.1000 0.1750
-0.0022 0.0999 0.1803
-0.0038 0.0996 0.1849
-0.0055 0.0991 0.1890
-0.0069 0.0987 0.1923
-0.0083 0.0984 0.1951
-0.0097 0.0979 0.1975
-0.0112 0.0973 0.1995
-0.0120 0.0972 0.2017
-0.0112 0.0982 0.2046
-0.0117 0.0985 0.2060
-0.0124 0.0985 0.2068
-0.0129 0.0984 0.2072
-0.0131 0.0982 0.2075
-0.0125 0.0982 0.2079
-0.0100 0.0990 0.2085
-0.0100 0.0990 0.2085
-0.0090 0.0992 0.2078
-0.0082 0.0991 0.2070
-0.0075 0.0984 0.2067
-0.0067 0.0974 0.2065
-0.0056 0.0968 0.2062
-0.0047 0.0953 0.2063
-0.0041 0.0937 0.2064
-0.0036 0.0923 0.2064
-0.0035 0.0907 0.2063
-0.0040 0.0886 0.2065
-0.0051 0.0858 0.2073
-0.0058 0.0831 0.2077
-0.0062 0.0805 0.2080
-0.0066 0.0780 0.2083
-0.0069 0.0760 0.2085
-0.0075 0.0741 0.2084
-0.0086 0.0717 0.2086
-0.0095 0.0707 0.2083
-0.0105 0.0704 0.2077
-0.0116 0.0703 0.2072
-0.0128 0.0704 0.2067
-0.0139 0.0702 0.2063
-0.0150 0.0694 0.2061
-0.0161 0.0696 0.2057
-0.0173 0.0703 0.2051
-0.0185 0.0712 0.2045
-0.0204 0.0723 0.2034
-0.0210 0.0724 0.2028
-0.0216 0.0723 0.2027
-0.0222 0.0723 0.2025
-0.0227 0.0728 0.2019
-0.0232 0.0739 0.2011
-0.0235 0.0747 0.2002
-0.0233 0.0752 0.1995
-0.0232 0.0755 0.1991
-0.0230 0.0757 0.1988
-0.0229 0.0760 0.1985
-0.0228 0.0765 0.1981
-0.0227 0.0769 0.1980
-0.0225 0.0772 0.1982
-0.0224 0.0776 0.1980
-0.0222 0.0779 0.1979
-0.0221 0.0778 0.1979
-0.0220 0.0775 0.1982
-0.0217 0.0773 0.1986
-0.0214 0.0775 0.1993
-0.0212 0.0777 0.1993
-0.0211 0.0777 0.1993
-0.0210 0.0775 0.1994
-0.0208 0.0775 0.1994
-0.0208 0.0775 0.1993
-0.0209 0.0773 0.1993
-0.0208 0.0778 0.1987
-0.0208 0.0782 0.1983
-0.0207 0.0784 0.1982
-0.0207 0.0781 0.1984
-0.0204 0.0774 0.1990
-0.0200 0.0768 0.1993
-0.0193 0.0761 0.1994
-0.0184 0.0754 0.1997
-0.0175 0.0744 0.2001
-0.0169 0.0732 0.2008
-0.0166 0.0719 0.2017
-0.0163 0.0704 0.2028
-0.0161 0.0687 0.2041
-0.0162 0.0668 0.2056
-0.0167 0.0648 0.2074
-0.0176 0.0631 0.2094
-0.0186 0.0622 0.2114
-0.0197 0.0613 0.2136
-0.0209 0.0610 0.2157
-0.0220 0.0614 0.2176
-0.0231 0.0624 0.2194
-0.0248 0.0640 0.2215
-0.0273 0.0660 0.2239
-0.0303 0.0680 0.2265
-0.0332 0.0696 0.2292
-0.0361 0.0704 0.2324
-0.0388 0.0709 0.2362
-0.0412 0.0713 0.2400
-0.0435 0.0718 0.2440
-0.0454 0.0727 0.2479
-0.0467 0.0744 0.2514
-0.0473 0.0771 0.2548
-0.0475 0.0800 0.2583
-0.0470 0.0823 0.2621
-0.0461 0.0836 0.2654
-0.0459 0.0859 0.2693
-0.0465 0.0868 0.2709
-0.0475 0.0874 0.2724
-0.0487 0.0881 0.2735
-0.0500 0.0889 0.2743
-0.0515 0.0888 0.2752
-0.0531 0.0884 0.2763
-0.0551 0.0877 0.2774
-0.0572 0.0870 0.2784
-0.0594 0.0869 0.2792
-0.0615 0.0877 0.2797
-0.0633 0.0877 0.2802
-0.0648 0.0873 0.2806
-0.0661 0.0865 0.2811
-0.0669 0.0855 0.2818
-0.0678 0.0839 0.2832
-0.0688 0.0819 0.2855
-0.0694 0.0808 0.2866
-0.0700 0.0799 0.2872
-0.0705 0.0793 0.2876
-0.0709 0.0788 0.2879
-0.0716 0.0782 0.2885
-0.0728 0.0776 0.2897
-0.0731 0.0769 0.2903
-0.0732 0.0761 0.2906
-0.0731 0.0754 0.2908
-0.0730 0.0746 0.2910
-0.0738 0.0740 0.2914
-0.0755 0.0735 0.2920
-0.0760 0.0728 0.2924
-0.0762 0.0713 0.2930
-0.0762 0.0705 0.2932
-0.0764 0.0698 0.2936
-0.0768 0.0693 0.2942
-0.0769 0.0688 0.2945
-0.0770 0.0683 0.2947
-0.0770 0.0678 0.2948
-0.0771 0.0674 0.2950
-0.0772 0.0670 0.2952
-0.0775 0.0667 0.2956
-0.0776 0.0663 0.2958
-0.0778 0.0660 0.2961
-0.0782 0.0653 0.2964
-0.0784 0.0651 0.2966
-0.0785 0.0650 0.2968
-0.0787 0.0648 0.2970
-0.0788 0.0645 0.2971
-0.0790 0.0643 0.2971
-0.0793 0.0641 0.2971
-0.0796 0.0639 0.2973
-0.0799 0.0636 0.2976
-0.0801 0.0634 0.2977
-0.0802 0.0633 0.2977
-0.0803 0.0633 0.2977
-0.0803 0.0632 0.2975
-0.0803 0.0633 0.2974
-0.0802 0.0634 0.2972
-0.0800 0.0633 0.2971
-0.0799 0.0633 0.2971
-0.0798 0.0632 0.2970
-0.0797 0.0632 0.2969
-0.0796 0.0634 0.2967
-0.0794 0.0635 0.2966
-0.0792 0.0636 0.2964
-0.0791 0.0636 0.2963
-0.0790 0.0636 0.2961
-0.0790 0.0636 0.2960
-0.0789 0.0635 0.2959
-0.0789 0.0634 0.2960
-0.0789 0.0634 0.2959
-0.0789 0.0634 0.2958
-0.0789 0.0634 0.2957
-0.0789 0.0634 0.2956
-0.0788 0.0634 0.2955
-0.0790 0.0637 0.2961
-0.0790 0.0638 0.2964
-0.0790 0.0638 0.2965
-0.0790 0.0638 0.2965
-0.0789 0.0639 0.2965
-0.0788 0.0639 0.2965
-0.0786 0.0635 0.2970
-0.0785 0.0633 0.2972
-0.0783 0.0632 0.2972
-0.0781 0.0631 0.2972
-0.0780 0.0629 0.2973
-0.0779 0.0630 0.2973
-0.0779 0.0632 0.2971
-0.0779 0.0632 0.2971
-0.0779 0.0633 0.2970
-0.0778 0.0633 0.2970
-0.0778 0.0632 0.2970
-0.0778 0.0632 0.2969
-0.0780 0.0635 0.2969
-0.0780 0.0636 0.2968
-0.0780 0.0636 0.2967
-0.0780 0.0636 0.2966
-0.0780 0.0637 0.2965
-0.0780 0.0637 0.2964
-0.0781 0.0641 0.2962
-0.0781 0.0643 0.2961
-0.0780 0.0644 0.2960
-0.0780 0.0644 0.2959
-0.0779 0.0644 0.2958
-0.0779 0.0645 0.2958
-0.0779 0.0646 0.2960
-0.0779 0.0646 0.2960
-0.0778 0.0647 0.2960
-0.0777 0.0647 0.2960
-0.0777 0.0647 0.2959
-0.0777 0.0647 0.2960
-0.0779 0.0645 0.2961
-0.0779 0.0644 0.2962
-0.0779 0.0643 0.2962
-0.0778 0.0643 0.2961
-0.0778 0.0642 0.2961
-0.0779 0.0642 0.2961
-0.0781 0.0642 0.2963
-0.0782 0.0643 0.2963
-0.0782 0.0643 0.2963
-0.0782 0.0643 0.2963
-0.0782 0.0643 0.2963
-0.0782 0.0641 0.2964
-0.0782 0.0638 0.2966
-0.0783 0.0637 0.2967
-0.0782 0.0637 0.2967
-0.0782 0.0637 0.2967
-0.0781 0.0637 0.2967
-0.0781 0.0636 0.2966
-0.0781 0.0634 0.2966
-0.0781 0.0633 0.2965
-0.0781 0.0633 0.2965
-0.0781 0.0633 0.2964
-0.0781 0.0633 0.2964
-0.0780 0.0631 0.2963
-0.0775 0.0627 0.2961
-0.0774 0.0626 0.2961
-0.0774 0.0626 0.2961
-0.0774 0.0626 0.2961
-0.0775 0.0626 0.2960
-0.0772 0.0625 0.2960
-0.0766 0.0624 0.2960
-0.0764 0.0624 0.2959
-0.0764 0.0624 0.2959
-0.0764 0.0624 0.2958
-0.0764 0.0623 0.2958

