0.0000 0.0000 0.0000
0.0000 0.0000 0.0000
0.0000 0.0000 0.0000
0.0000 0.0000 0.0000
0.0000 0.0000 0.0000
0.0000 0.0000 0.0000
0.0154 0.1015 0.0498
0.0861 0.0408 0.0499
0.0926 0.0501 0.0509
0.1021 0.0627 0.0678
0.0677 0.0623 0.0725
0.0534 0.0693 0.0722
0.0435 0.0459 0.0408
0.0410 0.0065 0.0176
0.0491 -0.0191 0.0203
0.0491 -0.0191 0.0203
0.0545 -0.0654 0.0419
0.0634 -0.0366 0.0052
0.0626 -0.0091 -0.0235
0.0751 0.0104 -0.0119
0.0965 -0.0235 0.0042
0.1090 -0.0478 0.0431
0.0723 -0.0258 0.0731
0.0689 -0.0263 0.0735
0.0851 -0.0109 0.0618
0.1267 0.0027 0.0404
0.1489 0.0030 0.0420
0.1491 0.0285 0.0377
0.1275 0.0514 0.0505
0.1150 0.0535 0.0495
0.0630 -0.0018 -0.0431
0.0374 0.0292 -0.0852
-0.0064 0.0913 -0.1078
0.0392 0.0618 -0.0665
0.0278 0.0361 -0.0172
0.0234 0.0192 0.0172
0.0180 0.0096 0.0333
0.0019 -0.0085 0.0723
-0.0038 -0.0119 0.0885
-0.0152 -0.0272 0.0955
-0.0163 -0.0723 0.1064
-0.0041 -0.0799 0.0991
-0.0151 -0.0619 0.0876
-0.0223 -0.0240 0.0410
0.0112 0.0577 -0.0246
0.0308 0.0840 -0.0225
0.0714 0.0582 0.0087
0.0686 0.0429 0.0162
0.0477 -0.0500 0.0200
0.0548 -0.0322 0.0027
0.0169 -0.0169 -0.0128
-0.0012 -0.0127 -0.0198
-0.0552 -0.0029 -0.0250
-0.0432 -0.0080 -0.0274
-0.0170 0.0148 -0.0242
-0.0043 0.0250 0.0114
-0.0294 0.0038 0.0310
-0.0382 -0.0080 0.0321
-0.0256 -0.0388 0.0416
0.0213 -0.0035 0.0581
0.0314 0.0130 0.0689
0.0321 -0.0002 0.0650
0.0447 -0.0206 0.0490
0.0741 -0.0199 0.0213
0.0407 0.0426 -0.0056
0.0280 0.0447 -0.0115
0.0608 0.0194 -0.0145
0.0823 0.0245 0.0207
0.0620 0.0291 0.0404
-0.0124 0.0143 0.0413
-0.0193 -0.0770 0.0193
-0.0233 -0.0871 0.0035
-0.0806 -0.0479 -0.0025
-0.0851 -0.0433 -0.0095
-0.0622 -0.0565 -0.0189
-0.0415 -0.0589 -0.0190
-0.0586 -0.0203 0.0238
-0.0447 0.0048 0.0350
0.0078 0.0312 0.0398
-0.0330 0.0234 0.0353
-0.0653 0.0405 0.0217
-0.0410 0.0483 -0.0021
0.0654 0.0373 0.0202
0.1190 -0.0011 0.0927
0.1019 -0.0306 0.0927
0.0732 -0.0505 0.0591
0.0691 -0.0393 0.0229
0.0789 -0.0236 0.0165
0.0925 0.0415 0.0161
0.1002 0.0537 0.0169
0.0900 0.0381 0.0275
0.0427 -0.0131 0.0452
0.0281 -0.0295 0.0316
0.0361 -0.0303 0.0270
0.0368 0.0153 0.0215
0.0214 0.0290 0.0293
0.0113 0.0149 0.0297
-0.0019 -0.0161 0.0134
-0.0187 -0.0153 0.0003
-0.0337 -0.0057 -0.0009
-0.0081 0.0121 -0.0033
0.0091 -0.0100 0.0073
-0.0036 -0.0099 0.0141
-0.0027 -0.0213 0.0064
0.0161 -0.0009 -0.0084
0.0207 0.0122 -0.0148
0.0216 0.0095 -0.0147
0.0234 0.0107 0.0095
0.0227 0.0057 0.0160
0.0207 -0.0131 0.0089
0.0164 -0.0084 0.0039
0.0045 0.0158 0.0132
-0.0050 0.0275 0.0231
0.0131 0.0137 0.0196
0.0440 -0.0092 0.0223
0.0145 -0.0185 0.0182
0.0023 -0.0174 0.0071
0.0089 -0.0155 0.0073
0.0130 0.0117 0.0191
0.0116 0.0185 0.0327
0.0155 0.0330 0.0567
0.0352 0.0143 0.0637
0.0332 0.0026 0.0526
0.0143 -0.0043 0.0103
0.0033 0.0248 -0.0179
-0.0081 0.0201 -0.0193
-0.0343 -0.0104 -0.0279
-0.0616 -0.0082 -0.0497
-0.0481 0.0042 -0.0597
0.0057 0.0118 -0.0575
0.0208 0.0132 -0.0175
0.0262 -0.0066 0.0070
0.0310 -0.0352 0.0142
0.0041 -0.0295 0.0017
0.0036 -0.0023 -0.0068
0.0240 0.0444 -0.0002
0.0324 0.0348 0.0169
0.0289 -0.0342 0.0451
0.0127 -0.0593 0.0476
-0.0001 -0.0432 0.0419
-0.0027 0.0028 0.0133
0.0156 0.0334 0.0008
0.0153 0.0170 0.0059
0.0117 -0.0032 0.0166
0.0055 0.0155 0.0262
0.0011 0.0212 0.0366
-0.0019 0.0047 0.0454
0.0124 -0.0307 0.0451
0.0151 -0.0265 0.0419
0.0091 0.0047 0.0329
0.0063 0.0138 0.0269
0.0019 0.0157 0.0222
0.0153 -0.0119 0.0215
0.0308 -0.0037 0.0150
0.0252 0.0066 0.0148
0.0318 0.0177 0.0167
0.0472 -0.0030 0.0120
0.0362 -0.0120 0.0040
0.0116 0.0118 -0.0018
0.0117 0.0175 0.0054
0.0270 0.0016 0.0073
0.0485 -0.0090 0.0095
0.0194 0.0067 0.0230
0.0099 -0.0036 0.0244
0.0361 -0.0205 0.0165
0.0421 -0.0115 0.0091
-0.0017 -0.0075 0.0000
-0.0314 -0.0662 -0.0241
-0.0060 -0.0691 -0.0407
0.0189 -0.0440 -0.0261
0.0226 -0.0932 -0.0139
0.0175 -0.1211 -0.0262
0.0320 -0.1285 -0.0570
0.0838 -0.0907 -0.0980
0.0918 -0.1105 -0.1038
0.1017 -0.1308 -0.0905
0.1180 -0.2345 -0.0684
0.1359 -0.2606 -0.0723
0.2010 -0.2624 -0.0585
0.2550 -0.2652 -0.0254
0.2639 -0.2607 -0.0187
0.2852 -0.3030 -0.0050
0.3268 -0.3925 -0.0245
0.3006 -0.4766 -0.0431
0.1447 -0.8687 -0.0390
0.0996 -1.3979 -0.0598
0.2015 -1.5625 -0.0553
0.4053 -1.7038 0.0588
0.4791 -1.5614 0.1401
0.5160 -1.2356 0.1414
0.5334 -0.4606 0.1395
0.4111 -0.1546 0.0771
0.3497 -0.0527 -0.0299
0.2907 0.2886 -0.3058
0.2628 0.5416 -0.3774
0.2432 1.0343 -0.4057
0.1301 1.1692 -0.2943
0.0175 1.0892 -0.2566
-0.1443 0.7925 -0.1270
-0.0460 0.5998 -0.0351
0.0236 0.5992 -0.0300
-0.0221 0.6045 0.0204
-0.0964 0.3315 0.0684
-0.1105 0.2287 0.1214
-0.1644 0.2668 0.2406
-0.1845 0.2028 0.2520
-0.1219 0.1132 0.1878
-0.1636 0.0511 0.0785
-0.1630 0.1460 0.0850
-0.1900 0.2747 0.0963
-0.3396 0.4654 0.1448
-0.3721 0.2940 0.1194
-0.2930 0.2023 0.0672
-0.0874 0.2559 -0.0595
-0.0418 0.4950 -0.0587
-0.0220 0.6226 -0.0769
-0.0474 0.6974 -0.2259
-0.1096 0.5994 -0.4215
-0.1110 0.5461 -0.4822
0.0959 0.3135 -0.4819
0.3802 0.3854 -0.4005
0.3897 0.5863 -0.3459
-0.0529 1.1179 -0.2609
-0.2974 1.3354 -0.2319
-0.6540 1.2201 -0.4073
-0.5477 0.8371 -0.5680
-0.4112 0.5831 -0.6186
-0.1205 0.0734 -0.6395
0.0417 -0.1866 -0.6141
-0.0539 -0.3064 -0.4879
-0.2980 -0.7462 -0.2739
-0.4356 -1.2951 -0.2410
-0.4656 -1.5327 -0.2690
-0.5866 -1.8439 -0.3315
-0.2134 -1.4949 -0.3179
0.0424 -0.9452 -0.2868
0.4280 -0.7774 -0.2056
0.5894 -0.5468 -0.1230
0.6098 -0.3850 -0.0537
0.5906 -0.0599 0.1200
0.5668 0.1292 0.2162
0.5299 0.2010 0.2208
0.4369 0.1336 0.2474
0.5680 -0.1749 0.2600
0.6652 -0.3484 0.2430
0.7365 -0.4833 0.1926
0.5852 -0.4542 0.1538
0.4663 -0.3816 0.1334
0.1702 -0.2589 0.1230
0.0438 -0.1610 0.1082
0.1133 0.1121 -0.0189
0.3654 0.0427 -0.0704
0.6351 -0.1839 -0.0911
0.5527 -0.2290 -0.1150
0.2513 -0.0361 -0.1195
0.1389 0.0357 -0.0997
0.0353 0.1349 -0.1079
0.0601 0.1521 -0.0358
0.1081 0.0666 0.0105
0.2125 -0.1309 0.0650
0.2407 -0.1914 0.0911
0.2269 -0.1826 0.0727
0.1414 -0.0977 0.0360
-0.1614 -0.0064 0.0731
-0.2974 0.1965 0.0614
0.0391 0.0911 0.0063
0.2355 -0.0133 -0.0327
0.0609 -0.0808 -0.0349
-0.0857 0.1043 -0.0063
-0.0122 0.1408 -0.0258
-0.0235 0.0669 -0.0470
-0.2055 0.2318 -0.0071
-0.0760 0.2273 -0.0329
0.3179 0.0337 -0.0592
0.2699 -0.0212 0.0263
0.1135 0.0659 0.0628
-0.3454 0.3717 0.0633
-0.4087 0.4556 -0.0018
-0.3427 0.5297 -0.1713
-0.3241 0.6031 -0.2583
-0.4238 0.8337 -0.2479
-0.6053 1.0351 -0.1997
-0.7042 1.1631 -0.1833
-0.8203 1.5335 -0.1733
-0.9462 1.9710 -0.1452
-1.0032 2.2060 -0.1385
-1.1847 2.6081 -0.0424
-1.3199 2.5768 0.0382
-1.3057 2.3554 0.0324
-1.0171 1.6242 -0.0667
-0.5947 0.5217 -0.1925
-0.3237 -0.0237 -0.2446
0.2999 -0.9077 -0.2986
0.8998 -1.1489 -0.1124
1.2464 -0.7791 0.1743
1.4576 -0.8768 0.6846
1.2925 -0.2988 0.9291
0.7930 -0.1091 0.9864
-0.2235 0.6760 1.1035
-0.4793 1.1638 0.9177
-0.5206 1.2487 1.0019
-0.3228 1.1204 1.0956
0.4429 -0.2474 0.8784
0.9260 -1.0080 0.7589
1.6142 -1.3014 0.4332
1.8887 -0.4805 -0.0367
1.9444 -0.1981 -0.3258
1.8352 -0.2762 -0.6742
1.4721 -0.3556 -0.3495
1.2845 -0.1901 -0.0765
0.9819 -0.0419 0.1570
0.8718 -0.0992 -0.0719
0.5461 -0.0841 -0.0648
0.3299 -0.1282 0.0273
-0.0074 -0.1700 0.2580
-0.0949 -0.2075 0.4240
-0.0550 -0.2317 0.4349
0.1657 -0.5750 0.3715
0.3904 -0.8213 0.3124
0.4116 -0.8143 0.2409
0.1647 -0.2595 0.1835
-0.1548 -0.0642 0.1092
-0.1318 -0.0751 0.0820
0.0373 -0.1836 0.1030
0.0347 -0.1956 0.1515
-0.0039 -0.1498 0.1401
0.0189 -0.1077 0.1355
0.0761 -0.1079 0.1211
0.0646 -0.0998 0.1011
0.0271 -0.0747 0.0504
0.0068 -0.0731 0.0186
-0.0111 -0.1221 -0.0111
-0.0089 -0.1371 -0.0281
-0.0063 -0.1387 -0.0329
-0.0134 -0.2046 -0.0087
-0.0198 -0.2071 0.0281
-0.0318 -0.2024 0.0302
-0.0795 -0.2255 0.0155
-0.1126 -0.2130 -0.0122
-0.0940 -0.0925 -0.0144
-0.0731 -0.0187 -0.0089
-0.0206 0.0774 -0.0200
-0.0046 0.0185 -0.0072
-0.0301 0.0507 -0.0292
-0.0396 0.0508 -0.0321
-0.0358 0.0553 -0.0192
-0.0446 0.0898 -0.0038
-0.0607 0.0956 0.0048
-0.0650 0.1036 0.0233
-0.0637 0.1038 0.0472
-0.0612 0.0853 0.0463
-0.0442 0.0805 0.0446
-0.0161 0.0861 0.0533
-0.0434 0.1262 0.0520
-0.0361 0.1488 0.0489
-0.0059 0.1577 0.0596
0.0194 0.1275 0.0516
0.0215 0.0981 0.0372
-0.0026 0.0910 0.0104
0.0076 0.1021 -0.0057
0.0128 0.1027 -0.0137
0.0378 0.0438 -0.0214
0.0449 0.0213 -0.0351
0.0350 0.0352 -0.0376
0.0225 0.0312 -0.0404
-0.0095 0.0200 -0.0299
-0.0126 0.0018 -0.0189
-0.0011 -0.0227 -0.0079
0.0354 -0.0016 -0.0105
0.0343 0.0310 -0.0160
0.0247 0.0718 -0.0304
0.0305 0.0772 -0.0188
0.0240 0.0700 -0.0161
0.0119 0.0454 -0.0126
0.0120 0.0553 0.0014
0.0083 0.0670 -0.0019
-0.0040 0.0789 0.0001
0.0133 0.0465 0.0077
0.0195 0.0442 0.0076
-0.0045 0.0708 -0.0028
0.0031 0.0813 -0.0178
0.0010 0.0842 -0.0190
0.0161 0.0824 -0.0010
0.0242 0.0844 0.0057
0.0333 0.0765 0.0047
0.0349 0.0836 -0.0083
0.0394 0.0874 -0.0094
0.0355 0.1062 -0.0040
0.0418 0.0981 -0.0034
0.0305 0.1005 -0.0068
0.0260 0.0903 -0.0055
0.0212 0.0760 0.0041
0.0165 0.0647 -0.0018
0.0118 0.0550 -0.0054
0.0153 0.0393 -0.0008
0.0301 0.0277 0.0063
0.0396 0.0055 0.0015
-0.0121 0.0340 0.0028
-0.0179 0.0589 0.0036
-0.0051 0.0544 0.0039
0.0312 0.0103 0.0096
0.0258 0.0070 0.0020
0.0230 0.0195 -0.0168
0.0255 0.0202 -0.0191
0.0359 -0.0055 -0.0160
0.0464 -0.0203 -0.0132
0.0327 -0.0129 -0.0081
0.0325 -0.0014 -0.0106
0.0175 -0.0026 -0.0164
0.0237 -0.0264 -0.0232
0.0222 -0.0129 -0.0209
0.0173 0.0318 -0.0278
0.0292 0.0435 -0.0308
0.0499 0.0343 -0.0238
0.0507 0.0129 -0.0131
0.0391 -0.0094 -0.0112
0.0288 -0.0540 -0.0026
0.0100 -0.0783 -0.0068
-0.0062 -0.0736 -0.0056
0.0006 -0.0585 -0.0033
0.0160 -0.0419 0.0057
0.0231 -0.0315 0.0027
0.0231 -0.0156 0.0041
0.0309 -0.0005 0.0068
0.0271 0.0059 0.0095
0.0196 -0.0040 0.0005
0.0319 -0.0350 -0.0076
0.0300 -0.0234 -0.0088
0.0054 0.0585 -0.0065
0.0108 0.0771 0.0103
0.0186 0.0453 0.0118
0.0140 -0.0139 0.0056
0.0001 -0.0398 -0.0045
0.0048 -0.0599 0.0028
0.0115 -0.0538 -0.0032
-0.0041 0.0177 0.0016
0.0067 0.0569 0.0054
0.0262 0.0725 -0.0013
0.0382 0.0485 -0.0017
0.0225 -0.0132 0.0068
-0.0005 -0.0354 0.0198
-0.0009 -0.0260 0.0221
0.0019 0.0236 0.0116
0.0274 0.0450 0.0122
0.0295 0.0324 0.0182
0.0209 0.0080 0.0190
0.0206 0.0391 0.0051
0.0123 0.0478 -0.0034
0.0394 0.0388 0.0064
0.0446 0.0150 0.0040
0.0219 -0.0155 0.0036
-0.0059 -0.0230 0.0082
-0.0275 -0.0700 0.0053
-0.0180 -0.0737 0.0088
-0.0174 -0.0309 -0.0062
-0.0301 0.0361 -0.0129
0.0195 0.0560 -0.0187

