0.0230 0.0372 -0.0093
-0.0112 -0.0046 0.0052
0.0134 -0.0327 0.0054
0.0324 -0.0290 -0.0041
0.0363 -0.0189 -0.0149
0.0264 -0.0050 -0.0159
0.0117 -0.0227 -0.0005
0.0030 -0.0183 0.0021
-0.0021 -0.0060 0.0061
0.0075 -0.0060 0.0128
0.0406 -0.0182 0.0190
0.0365 0.0013 0.0162
0.0272 0.0197 0.0088
0.0238 0.0316 0.0100
0.0203 0.0005 0.0113
0.0091 -0.0117 0.0098
0.0083 0.0082 0.0070
0.0017 0.0192 0.0054
0.0064 0.0121 0.0082
0.0183 -0.0135 0.0041
0.0432 -0.0179 -0.0082
0.0533 -0.0093 -0.0105
0.0522 -0.0012 -0.0244
0.0316 0.0043 -0.0131
0.0259 -0.0114 0.0027
0.0245 -0.0617 0.0049
0.0402 -0.0163 0.0014
0.0536 0.0061 -0.0046
0.0844 0.0723 -0.0132
0.0587 0.0637 -0.0022
0.0519 0.0339 0.0010
0.0390 0.0262 0.0033
0.0144 0.0573 -0.0134
0.0195 0.0682 -0.0022
0.0219 0.0574 0.0016
0.0181 0.0333 0.0062
0.0230 0.0259 0.0111
0.0134 0.0361 0.0032
0.0025 0.0397 -0.0003
-0.0139 0.0199 0.0108
0.0097 -0.0241 0.0040
0.0166 -0.0228 0.0018
0.0047 0.0316 -0.0024
-0.0018 0.0709 -0.0099
0.0033 0.0488 -0.0124
0.0020 0.0154 -0.0208
-0.0043 0.0053 -0.0115
-0.0010 0.0097 -0.0112
-0.0037 0.0302 -0.0083
0.0056 0.0176 -0.0104
0.0127 0.0257 -0.0077
-0.0099 0.0259 -0.0158
-0.0315 0.0544 -0.0102
-0.0156 0.0528 -0.0002
0.0377 0.0274 0.0106
0.0669 0.0655 -0.0034
0.1369 0.2476 -0.0307
0.0437 0.2115 -0.0705
-0.0255 0.0152 0.0076
-0.0415 -0.0431 0.0178
-0.0672 -0.1333 0.0480
-0.0021 -0.0829 0.0452
0.0530 0.0053 0.0263
0.0714 0.0345 0.0137
0.0105 -0.0173 0.0410
-0.0084 0.0136 0.0377
-0.0098 0.0403 0.0313
-0.0169 0.0468 0.0366
0.0093 -0.0222 0.0283
0.0086 -0.0379 0.0253
-0.0039 -0.0326 0.0050
-0.0007 0.0241 -0.0077
0.0134 0.0307 -0.0082
0.0213 0.0045 0.0035
-0.0042 -0.0214 0.0023
-0.0176 -0.0093 -0.0069
-0.0167 0.0063 -0.0376
-0.0090 -0.0079 -0.0479
-0.0083 -0.0141 -0.0460
-0.0006 -0.0451 -0.0328
-0.0043 -0.0469 -0.0359
0.0035 -0.0411 -0.0352
0.0169 -0.0655 -0.0357
0.0186 -0.0567 -0.0203
0.0082 -0.0479 -0.0216
0.0002 -0.0314 -0.0298
-0.0058 -0.0170 -0.0367
-0.0118 -0.0060 -0.0335
0.0019 -0.0114 -0.0350
0.0068 -0.0096 -0.0391
-0.0237 -0.0339 -0.0539
-0.0505 -0.0581 -0.0394
-0.0422 -0.0663 -0.0350
-0.0100 -0.1183 -0.0044
-0.0921 -0.1161 -0.0535
-0.0765 -0.1261 -0.0298
-0.1088 -0.1282 -0.0265
-0.1815 -0.0856 -0.0412
-0.2137 -0.0650 -0.0453
-0.2420 -0.0161 -0.0574
-0.2559 -0.0118 -0.0687
-0.2773 -0.0011 -0.0708
-0.3140 -0.0442 -0.0691
-0.3205 -0.0634 -0.0709
-0.3208 -0.1025 -0.0662
-0.3484 -0.1035 -0.0958
-0.3439 -0.0754 -0.0818
-0.3199 -0.0830 -0.0692
-0.3055 -0.0888 -0.0672
-0.3352 -0.0825 -0.0771
-0.3408 -0.0737 -0.0943
-0.3392 -0.1185 -0.1131
-0.3889 -0.1425 -0.1649
-0.4382 -0.1648 -0.2219
-0.6919 -0.2291 -0.2563
-1.0822 -0.3872 -0.3023
-1.2226 -0.5408 -0.3401
-1.4243 -1.0663 -0.3431
-1.8981 -1.4840 -0.2021
-2.1569 -1.5681 -0.1936
-2.3722 -1.5194 -0.2836
-2.2105 -2.0373 -0.2455
-1.9871 -2.3577 -0.1650
-1.9488 -2.4693 -0.1083
-1.8670 -2.4254 -0.0309
-1.5812 -2.5708 0.1508
-1.2573 -3.2392 0.4480
-1.2088 -3.6842 0.6699
-0.8278 -3.9472 1.3641
-0.0888 -3.2740 2.0703
0.2116 -3.0864 2.2147
0.8660 -1.9470 1.9920
-0.2591 4.0914 0.8555
-1.3313 4.4949 0.2099
-1.9764 5.0740 0.1264
-2.6781 4.0075 0.8925
-3.1542 2.2145 0.8550
-2.8428 -0.4209 -0.0945
-1.8430 -1.8926 -1.4701
-1.2747 -2.2000 -1.7091
-0.3325 -1.9346 -1.2076
-0.4178 -0.1468 -0.2693
-0.5575 0.7098 0.0093
-0.7727 1.0075 0.3383
-0.4001 1.6003 0.3335
-0.1755 1.3561 0.2349
0.0578 0.4566 0.0259
0.2138 0.1647 -0.0032
0.3840 -0.4728 0.1019
0.0074 -0.4947 0.3404
-0.2262 -0.3636 0.4481
-0.3725 0.0086 0.5807
-0.3565 0.7374 0.6063
-0.5119 1.2313 0.7203
-0.7710 2.4822 1.3102
-0.3682 2.8935 1.5490
-0.0709 3.0633 1.4234
0.7579 3.8035 0.8655
2.1764 6.6522 0.5391
3.2940 9.0867 0.5405
1.9417 -5.5213 -0.6541
0.6379 -7.8866 -1.0303
-0.3355 -7.7510 -1.2262
-0.0263 -2.7459 -1.6077
-0.1460 0.2114 -1.7020
-0.7367 2.8345 -1.5290
-0.8728 1.8652 -1.0882
-0.7164 -0.5340 -0.7536
-0.1061 -4.0510 0.1022
0.1168 -1.9294 0.4533
0.0370 -0.7260 0.4416
-0.0971 0.6803 0.2093
-0.0332 0.5722 0.0564
0.0609 0.0598 -0.0342
-0.0082 0.0129 0.0437
0.0066 -0.0502 0.0341
0.0176 0.0092 -0.0129
0.0121 0.0141 0.0209
0.0139 0.0098 0.0042
0.0148 0.0087 0.0076
0.0155 0.0035 0.0033
0.0136 0.0049 0.0078
0.0151 0.0030 0.0060
0.0113 0.0071 0.0059
0.0153 0.0044 0.0085
0.0139 0.0083 0.0113
0.0142 0.0066 0.0105
0.0136 0.0042 0.0098
0.0150 0.0027 0.0131
0.0135 0.0070 0.0191
0.0111 0.0173 0.0464
0.0050 0.0520 0.0883
0.0058 0.0527 0.0983
0.0124 0.0639 0.0749
0.0180 0.0790 0.0135
0.0187 0.0572 -0.0112
0.0141 -0.0215 -0.0036
0.0197 -0.0115 -0.0035
0.0159 0.0081 -0.0123
0.0163 -0.0149 0.0138
0.0136 -0.0309 0.0133
0.0160 -0.0195 0.0022
0.0135 0.0029 0.0073
0.0150 -0.0005 0.0067
0.0150 -0.0032 0.0051
0.0174 0.0023 0.0056
0.0140 0.0050 0.0058
0.0145 0.0029 0.0054
0.0153 0.0041 0.0056
0.0154 0.0080 0.0047
0.0133 0.0038 0.0033
0.0160 0.0041 0.0032
0.0156 0.0030 0.0057
0.0140 0.0039 0.0059
0.0136 0.0048 0.0064
0.0147 0.0037 0.0094
0.0129 0.0044 0.0068
0.0163 0.0066 0.0057
0.0145 0.0075 0.0057
0.0123 0.0045 0.0078
0.0162 0.0110 0.0035
0.0156 0.0076 0.0032
0.0162 0.0044 0.0048
0.0146 0.0053 0.0046
0.0140 0.0069 0.0068
0.0148 0.0084 0.0034
0.0127 0.0059 0.0050
0.0163 0.0034 0.0036
0.0145 0.0057 0.0045
0.0160 0.0060 0.0053
0.0171 0.0064 0.0032
0.0150 0.0083 0.0036
0.0148 0.0062 0.0064
0.0151 0.0071 0.0073
0.0135 0.0068 0.0033
0.0132 0.0045 0.0067
0.0153 0.0092 0.0045
0.0139 0.0074 0.0051
0.0116 0.0089 0.0041
0.0123 0.0055 0.0042
0.0142 0.0074 0.0055
0.0163 0.0052 0.0049
0.0155 0.0073 0.0046
0.0144 0.0077 0.0060
0.0152 0.0065 0.0045
0.0149 0.0065 0.0066
0.0149 0.0053 0.0054
0.0122 0.0056 0.0055
0.0140 0.0066 0.0047
0.0145 0.0052 0.0062
0.0149 0.0079 0.0086
0.0158 0.0072 0.0054
0.0166 0.0080 0.0053
0.0122 0.0081 0.0053
0.0160 0.0058 0.0032
0.0173 0.0064 0.0074
0.0149 0.0064 0.0041
0.0134 0.0076 0.0043
0.0134 0.0086 0.0038
0.0144 0.0077 0.0059
0.0139 0.0078 0.0042
0.0156 0.0061 0.0068
0.0148 0.0073 0.0073
0.0154 0.0039 0.0045
0.0152 0.0078 0.0069
0.0125 0.0060 0.0062
0.0145 0.0088 0.0025
0.0152 0.0091 0.0069
0.0138 0.0074 0.0060
0.0139 0.0057 0.0078
0.0162 0.0081 0.0061
0.0137 0.0066 0.0058
0.0121 0.0080 0.0051
0.0136 0.0054 0.0078
0.0139 0.0041 0.0066
0.0111 0.0049 0.0044
0.0139 0.0066 0.0065
0.0130 0.0063 0.0061
0.0141 0.0079 0.0031
0.0135 0.0072 0.0068
0.0132 0.0067 0.0069
0.0171 0.0057 0.0048
0.0163 0.0075 0.0022
0.0137 0.0075 0.0052
0.0157 0.0065 0.0060
0.0171 0.0076 0.0062
0.0131 0.0084 0.0061
0.0155 0.0058 0.0070
0.0136 0.0066 0.0063
0.0151 0.0071 0.0050
0.0134 0.0084 0.0020
0.0141 0.0084 0.0051
0.0138 0.0086 0.0034
0.0078 -0.0126 -0.0326
-0.0574 -0.0845 -0.2975
-0.0645 -0.1205 -0.3871
-0.0252 -0.1992 -0.3269
0.0330 -0.0033 -0.0160
0.0557 0.0334 0.2029
0.0464 0.0100 0.1907
0.0128 -0.0073 0.0350
0.0106 0.0166 -0.0356
0.0014 -0.0274 -0.0114
-0.0202 -0.0434 -0.0737
-0.0403 -0.0515 -0.2595
-0.0435 -0.0933 -0.4864
-0.0362 -0.0811 -0.5747
-0.0085 -0.0336 -0.6686
-0.0095 -0.0276 -0.6431
0.0762 0.1569 -0.4756
0.1136 0.3368 -0.4424
0.1123 0.1464 -0.4631
0.2170 0.0675 -0.7030
0.2855 -0.0118 -0.9791
0.2468 -0.0723 -0.9530
0.1536 -0.2277 -0.6403
0.2831 -0.6540 -0.2435
0.3872 -0.7622 -0.2144
0.4794 -0.7049 -0.4650
0.6887 -0.9883 -0.6606
0.8077 -1.0165 -0.5586
1.0548 -0.7028 -0.1330
1.3996 -0.8904 0.1113
1.6109 -1.0740 0.1223
2.0007 -1.4394 0.1223
2.4804 -2.0907 -0.0613
3.0303 -1.5761 -0.0458
2.6246 -0.3119 0.3320
1.6681 -0.9422 -0.3223
1.3805 -1.1609 -0.5419
1.2467 -1.5819 -0.5138
1.2452 -1.8152 -0.0434
1.2769 -1.8185 0.0265
1.1391 -1.8217 -0.2519
1.0150 -2.0051 -0.4065
0.7032 -2.4821 -0.3047
0.5127 -2.6223 0.2067
0.4692 -2.5072 0.3634
0.3901 -2.2611 0.0450
0.4099 -2.2641 -0.3246
0.4259 -2.3302 -0.2364
0.4204 -2.5658 0.2904
0.5213 -2.6475 0.5132
0.5989 -2.5544 0.5304
0.7851 -2.0607 0.5393
1.0047 -1.2172 0.4166
1.0985 -0.7144 0.5067
1.2384 0.4433 0.5321
1.3342 0.9051 0.2001
1.3325 0.9685 0.0558
0.1318 2.3110 -0.6280
-0.5820 2.4619 -1.0484
-2.5066 4.7638 -2.7827
-3.6222 7.7764 -3.7949
-3.7725 8.8387 -3.5331
-3.5394 9.1218 -2.3547
-1.9211 6.8790 0.0085
-1.0385 4.8894 0.7125
0.4054 3.0477 0.7225
0.7146 2.5955 0.1078
0.6328 2.3199 -0.1179
0.3905 1.9376 -0.1717
0.2000 1.7220 0.1978
0.1540 1.3656 0.3793
0.2536 0.8792 0.6358
0.3201 0.8799 0.7488
0.2576 0.9439 0.8562
0.1062 0.6557 0.8895
0.0657 0.3657 0.8820
0.1461 -0.0875 1.0196
0.6212 -0.2803 1.1335
0.8804 -0.4538 1.0555
1.1143 -0.7618 0.8667
1.1086 -0.8249 0.5995
0.9899 -0.7487 0.4756
0.5548 -0.5765 0.1241
0.3191 -0.3868 -0.1606
0.4023 -0.3986 0.1112
0.4033 -0.4188 0.4243
0.4305 -0.5841 0.1402
0.5611 -0.5789 0.1351
0.7040 -0.6116 0.1931
0.5297 -0.5284 0.2297
0.4956 -0.5093 0.2548
0.4994 -0.1351 0.1229
0.5325 0.1198 0.0517
0.4925 0.2270 0.0190
0.4251 0.3263 -0.1040
0.3720 0.2614 -0.0999
0.3354 0.2917 -0.0692
0.1998 0.4468 -0.0013
0.1226 0.4527 0.0087
0.0883 0.4058 -0.0126
0.1208 0.3231 -0.0383
0.1184 0.3340 -0.0247
0.0791 0.3828 -0.0062
0.0812 0.3412 0.0329
0.0856 0.3126 0.0484
-0.0010 0.3153 0.0719
-0.0699 0.3190 0.1021
-0.0544 0.3017 0.1162
0.0174 0.2920 0.1151
0.0528 0.2542 0.0943
0.0396 0.2190 0.0819
-0.0400 0.1687 0.0343
-0.0636 0.1256 0.0367
-0.0498 0.1356 0.0348
-0.0215 0.1941 0.0406
-0.0208 0.2308 0.0401
-0.0121 0.2164 0.0364
0.0008 0.1600 0.0337
-0.0248 0.0992 0.0360
-0.0352 0.0818 0.0394
-0.0079 0.0553 0.0571
0.0079 0.0365 0.0571
0.0147 0.0361 0.0548
0.0023 0.0636 0.0285
-0.0131 0.0893 0.0210
-0.0394 0.1287 0.0183
-0.0348 0.1162 0.0374
-0.0279 0.0991 0.0359
-0.0430 0.0829 0.0131
-0.0725 0.0770 -0.0001
-0.0750 0.0715 0.0021
-0.0685 0.0504 -0.0018
-0.0444 0.0328 -0.0082
-0.0628 0.0271 -0.0128
-0.1006 0.0158 -0.0160
-0.1025 -0.0024 -0.0003
-0.0888 -0.0256 0.0055
-0.0523 -0.0485 0.0273
-0.0347 -0.0043 0.0426
-0.0427 0.0346 0.0416
-0.0735 0.1100 0.0325
-0.0668 0.1464 0.0155
-0.0356 0.1336 0.0143
0.0018 0.0917 0.0107
0.0146 0.0850 0.0142
0.0132 0.0793 0.0164
-0.0104 0.0773 0.0094
0.0420 0.0653 0.0113
0.0594 0.0544 0.0236
0.0462 0.0561 0.0277
0.0137 0.0690 0.0337
0.0036 0.0672 0.0416
0.0247 0.0448 0.0586
0.0480 0.0291 0.0611
0.0373 0.0054 0.0524
-0.0104 0.0278 0.0284
-0.0345 0.0441 0.0120
-0.0540 0.0669 0.0036
-0.0286 0.0337 -0.0008
-0.0274 0.0064 -0.0009
-0.0414 -0.0276 -0.0032
-0.0204 -0.0018 0.0095
-0.0086 0.0097 0.0127
0.0228 0.0074 0.0194
0.0265 -0.0099 0.0035
0.0131 -0.0187 0.0014
0.0015 0.0056 -0.0105
0.0112 0.0275 -0.0126
0.0277 0.0292 -0.0152
0.0794 0.0287 -0.0199
0.0741 0.0588 -0.0247
0.0559 0.0730 -0.0278
0.0342 0.0944 -0.0086
0.0628 0.0785 0.0216
0.0734 0.0377 0.0258
0.0609 -0.0318 0.0171
0.0466 -0.0083 0.0054
0.0363 0.0181 0.0048
0.0098 0.0499 0.0052
0.0075 0.0621 0.0103
0.0336 0.0634 0.0110
0.0696 0.0148 0.0208
0.0815 -0.0046 0.0239
0.0779 -0.0248 0.0133
0.0508 -0.0003 0.0041
0.0263 0.0143 0.0018
0.0186 0.0257 -0.0035
0.0347 0.0108 -0.0042
0.0332 0.0036 -0.0057
0.0267 -0.0220 -0.0111
0.0373 -0.0410 -0.0220
0.0364 -0.0368 -0.0303
0.0395 0.0123 -0.0348
0.0527 0.0545 -0.0269
0.0645 0.0535 -0.0210
0.0763 0.0416 -0.0174
0.0657 0.0171 -0.0233
0.0704 0.0276 -0.0272
0.0774 0.0401 -0.0285
0.0776 0.0349 -0.0284
0.0734 0.0319 -0.0260
0.0701 0.0228 -0.0197
0.0526 0.0263 -0.0159
0.0469 0.0362 -0.0093
0.0587 0.0430 -0.0123
0.0613 0.0399 -0.0161
0.0489 0.0424 -0.0196
0.0537 0.0277 -0.0121
0.0588 0.0229 -0.0065
0.0559 0.0496 -0.0059
0.0356 0.0772 -0.0071
0.0222 0.0946 -0.0044
-0.0096 0.0808 -0.0102
-0.0060 0.0159 -0.0143
0.0128 -0.0171 -0.0106
0.0397 -0.0397 0.0002
0.0537 -0.0012 0.0006
0.0537 0.0287 -0.0050
0.0495 0.0353 -0.0157
0.0264 0.0270 -0.0329
0.0103 0.0283 -0.0268
0.0185 0.0142 -0.0113
0.0476 -0.0079 0.0003
0.0484 -0.0059 -0.0033
0.0262 0.0161 -0.0147
0.0183 0.0168 -0.0203
0.0191 0.0140 -0.0148
0.0367 0.0014 -0.0042
0.0116 -0.0246 -0.0006
-0.0158 -0.0400 -0.0011
-0.0527 -0.0865 -0.0022
-0.0613 -0.0833 -0.0002
-0.0615 -0.0599 0.0045
-0.0404 0.0055 0.0225
-0.0216 0.0301 0.0297
0.0249 0.0504 0.0360
0.0212 0.0228 0.0291
0.0171 0.0162 0.0270
0.0061 0.0020 0.0122
0.0150 0.0030 0.0073
0.0210 0.0197 0.0077
0.0239 0.0618 0.0098
0.0283 0.0853 0.0144
0.0349 0.0882 0.0133
0.0419 0.0435 0.0078
0.0214 -0.0082 -0.0029
0.0055 -0.0093 -0.0121
0.0081 0.0054 -0.0120
0.0164 0.0441 -0.0094
0.0119 0.0513 -0.0026
-0.0096 0.0281 -0.0083
-0.0077 -0.0148 -0.0046
0.0103 -0.0253 0.0035
0.0188 -0.0071 0.0188
0.0207 0.0141 0.0226
0.0194 0.0210 0.0222
0.0199 0.0209 0.0226
0.0345 -0.0213 0.0173
0.0371 -0.0484 0.0154
0.0308 -0.0539 -0.0005
0.0784 0.0168 -0.0063
0.0828 0.0354 -0.0023
0.0621 0.0371 0.0036
0.0577 0.0104 -0.0021
0.0159 -0.0712 -0.0204
0.0014 -0.0618 -0.0242
0.0046 -0.0354 -0.0170
0.0058 -0.0154 -0.0042
0.0017 -0.0735 -0.0272
-0.0307 -0.1049 -0.0366
-0.0426 -0.0956 -0.0379
-0.0062 -0.1019 -0.0084
0.0021 -0.0766 0.0022
-0.0164 -0.0315 0.0139
-0.0168 -0.0301 0.0305
0.0042 -0.0357 0.0367
0.0169 -0.0150 0.0428
-0.0201 -0.0146 0.0219
-0.0077 -0.0059 0.0175
0.0185 0.0059 0.0188
0.0465 0.0749 0.0125
0.0385 0.0953 0.0074
0.0233 0.0764 -0.0018
0.0140 0.0218 -0.0039
-0.0018 0.0126 -0.0007
-0.0177 0.0160 0.0157
0.0161 0.0335 0.0239
0.0306 0.0548 0.0232
0.0259 0.0956 0.0128
0.0157 0.1069 -0.0019
0.0104 0.1033 -0.0067
0.0119 0.0315 -0.0179
0.0255 -0.0057 -0.0159
0.0204 0.0060 -0.0103
-0.0061 0.0492 0.0050
-0.0177 0.0589 0.0065
0.0006 0.0205 0.0038
0.0184 -0.0061 0.0037
0.0178 -0.0090 0.0054
0.0088 0.0079 0.0013
0.0104 0.0149 -0.0029
0.0126 0.0300 -0.0033
0.0087 0.0393 -0.0082
0.0115 0.0255 -0.0063
0.0206 0.0193 -0.0048
0.0360 0.0211 -0.0037
0.0523 0.0284 0.0009
0.0555 0.0331 0.0031
0.0777 0.1044 0.0032
0.0397 0.0872 -0.0150
-0.0180 0.0748 -0.0139
-0.0127 -0.0772 -0.0071
0.0290 -0.0993 0.0281
0.0371 -0.0626 0.0375
0.0640 0.0423 0.0546
0.0634 0.0651 0.0399

